1850.042   -0.806
1850.125   -0.236
1850.208   -0.466
1850.292   -0.514
1850.375   -0.514
1850.458   -0.322
1850.542   -0.056
1850.625   -0.025
1850.708   -0.271
1850.792   -0.631
1850.875   -0.431
1850.958   -0.412
1851.042   -0.113
1851.125   -0.412
1851.208   -0.702
1851.292   -0.714
1851.375   -0.207
1851.458   -0.105
1851.542   -0.080
1851.625   -0.088
1851.708   -0.068
1851.792   -0.079
1851.875   -0.121
1851.958   -0.043
1852.042   -0.475
1852.125   -0.472
1852.208   -0.659
1852.292   -0.725
1852.375   -0.110
1852.458   -0.026
1852.542   0.099
1852.625   -0.202
1852.708   -0.073
1852.792   -0.150
1852.875   -0.398
1852.958   0.187
1853.042   -0.225
1853.125   -0.373
1853.208   -0.333
1853.292   -0.451
1853.375   -0.224
1853.458   -0.160
1853.542   0.083
1853.625   -0.014
1853.708   -0.310
1853.792   -0.451
1853.875   -0.602
1853.958   -0.457
1854.042   -0.481
1854.125   -0.424
1854.208   -0.204
1854.292   -0.395
1854.375   -0.380
1854.458   -0.380
1854.542   -0.162
1854.625   -0.038
1854.708   -0.052
1854.792   0.051
1854.875   -0.323
1854.958   -0.399
1855.042   -0.125
1855.125   -0.413
1855.208   -0.380
1855.292   -0.113
1855.375   -0.249
1855.458   -0.263
1855.542   -0.254
1855.625   -0.138
1855.708   -0.357
1855.792   -0.207
1855.875   -0.435
1855.958   -0.501
1856.042   -0.090
1856.125   -0.471
1856.208   -0.464
1856.292   -0.479
1856.375   -0.345
1856.458   -0.112
1856.542   -0.321
1856.625   -0.260
1856.708   -0.503
1856.792   -0.542
1856.875   -0.603
1856.958   -0.501
1857.042   -0.687
1857.125   -0.463
1857.208   -0.693
1857.292   -0.771
1857.375   -0.671
1857.458   -0.290
1857.542   -0.426
1857.625   -0.211
1857.708   -0.395
1857.792   -0.501
1857.875   -0.588
1857.958   -0.216
1858.042   -0.312
1858.125   -0.526
1858.208   -0.549
1858.292   -0.349
1858.375   -0.514
1858.458   -0.329
1858.542   -0.245
1858.625   -0.261
1858.708   -0.380
1858.792   -0.259
1858.875   -0.397
1858.958   -0.507
1859.042   -0.419
1859.125   -0.384
1859.208   -0.385
1859.292   -0.128
1859.375   -0.124
1859.458   -0.146
1859.542   -0.329
1859.625   -0.208
1859.708   -0.469
1859.792   -0.275
1859.875   -0.237
1859.958   -0.278
1860.042   -0.402
1860.125   -0.543
1860.208   -0.872
1860.292   -0.356
1860.375   -0.332
1860.458   -0.244
1860.542   -0.292
1860.625   -0.172
1860.708   -0.099
1860.792   -0.397
1860.875   -0.641
1860.958   -0.901
1861.042   -1.055
1861.125   -0.648
1861.208   -0.449
1861.292   -0.324
1861.375   -0.582
1861.458   -0.234
1861.542   -0.371
1861.625   -0.135
1861.708   -0.267
1861.792   -0.419
1861.875   -0.421
1861.958   -0.384
1862.042   -0.914
1862.125   -0.821
1862.208   -0.638
1862.292   -0.599
1862.375   -0.389
1862.458   -0.286
1862.542   -0.298
1862.625   -0.488
1862.708   -0.423
1862.792   -0.425
1862.875   -0.553
1862.958   -0.959
1863.042   -0.260
1863.125   -0.309
1863.208   -0.383
1863.292   -0.381
1863.375   -0.415
1863.458   -0.424
1863.542   -0.253
1863.625   -0.268
1863.708   -0.270
1863.792   -0.411
1863.875   -0.488
1863.958   -0.405
1864.042   -0.838
1864.125   -0.605
1864.208   -0.504
1864.292   -0.567
1864.375   -0.262
1864.458   -0.140
1864.542   -0.200
1864.625   -0.304
1864.708   -0.502
1864.792   -0.625
1864.875   -0.353
1864.958   -0.625
1865.042   -0.135
1865.125   -0.478
1865.208   -0.560
1865.292   -0.427
1865.375   -0.352
1865.458   -0.192
1865.542   -0.225
1865.625   -0.249
1865.708   -0.134
1865.792   -0.274
1865.875   -0.407
1865.958   -0.422
1866.042   -0.198
1866.125   -0.317
1866.208   -0.556
1866.292   -0.557
1866.375   -0.556
1866.458   -0.057
1866.542   -0.036
1866.625   -0.256
1866.708   -0.372
1866.792   -0.324
1866.875   -0.148
1866.958   -0.107
1867.042   -0.365
1867.125   -0.370
1867.208   -0.598
1867.292   -0.364
1867.375   -0.558
1867.458   -0.320
1867.542   -0.292
1867.625   -0.407
1867.708   -0.136
1867.792   -0.114
1867.875   -0.146
1867.958   -0.361
1868.042   -0.670
1868.125   -0.674
1868.208   -0.391
1868.292   -0.195
1868.375   -0.220
1868.458   -0.195
1868.542   0.028
1868.625   -0.092
1868.708   -0.258
1868.792   -0.176
1868.875   -0.305
1868.958   -0.130
1869.042   -0.358
1869.125   0.016
1869.208   -0.653
1869.292   -0.338
1869.375   -0.326
1869.458   -0.339
1869.542   -0.366
1869.625   -0.083
1869.708   -0.220
1869.792   -0.303
1869.875   -0.221
1869.958   -0.533
1870.042   -0.281
1870.125   -0.513
1870.208   -0.460
1870.292   -0.293
1870.375   -0.301
1870.458   -0.195
1870.542   -0.053
1870.625   -0.306
1870.708   -0.222
1870.792   -0.340
1870.875   -0.322
1870.958   -0.667
1871.042   -0.576
1871.125   -0.653
1871.208   -0.258
1871.292   -0.225
1871.375   -0.390
1871.458   -0.263
1871.542   -0.065
1871.625   -0.227
1871.708   -0.375
1871.792   -0.382
1871.875   -0.538
1871.958   -0.494
1872.042   -0.561
1872.125   -0.537
1872.208   -0.502
1872.292   -0.452
1872.375   -0.135
1872.458   -0.329
1872.542   -0.124
1872.625   -0.027
1872.708   -0.155
1872.792   -0.221
1872.875   -0.323
1872.958   -0.577
1873.042   -0.257
1873.125   -0.320
1873.208   -0.373
1873.292   -0.488
1873.375   -0.318
1873.458   -0.254
1873.542   -0.186
1873.625   -0.150
1873.708   -0.384
1873.792   -0.328
1873.875   -0.389
1873.958   -0.194
1874.042   -0.232
1874.125   -0.444
1874.208   -0.707
1874.292   -0.440
1874.375   -0.302
1874.458   -0.591
1874.542   -0.219
1874.625   -0.253
1874.708   -0.151
1874.792   -0.485
1874.875   -0.453
1874.958   -0.312
1875.042   -0.565
1875.125   -0.483
1875.208   -0.591
1875.292   -0.426
1875.375   -0.304
1875.458   -0.250
1875.542   -0.198
1875.625   -0.137
1875.708   -0.153
1875.792   -0.240
1875.875   -0.494
1875.958   -0.587
1876.042   -0.524
1876.125   -0.318
1876.208   -0.347
1876.292   -0.373
1876.375   -0.550
1876.458   -0.313
1876.542   -0.061
1876.625   -0.246
1876.708   -0.313
1876.792   -0.316
1876.875   -0.544
1876.958   -0.626
1877.042   -0.406
1877.125   -0.246
1877.208   -0.052
1877.292   -0.272
1877.375   -0.284
1877.458   -0.018
1877.542   0.040
1877.625   0.248
1877.708   0.110
1877.792   0.117
1877.875   0.063
1877.958   -0.151
1878.042   -0.137
1878.125   0.201
1878.208   0.263
1878.292   0.152
1878.375   -0.147
1878.458   0.034
1878.542   -0.019
1878.625   0.015
1878.708   0.032
1878.792   -0.091
1878.875   -0.162
1878.958   -0.338
1879.042   -0.189
1879.125   -0.277
1879.208   -0.157
1879.292   -0.387
1879.375   -0.337
1879.458   -0.294
1879.542   -0.238
1879.625   -0.143
1879.708   -0.234
1879.792   -0.111
1879.875   -0.338
1879.958   -0.533
1880.042   -0.428
1880.125   -0.385
1880.208   -0.192
1880.292   -0.305
1880.375   -0.264
1880.458   -0.314
1880.542   -0.273
1880.625   -0.131
1880.708   -0.280
1880.792   -0.414
1880.875   -0.254
1880.958   -0.326
1881.042   -0.238
1881.125   -0.244
1881.208   -0.209
1881.292   -0.083
1881.375   -0.136
1881.458   -0.381
1881.542   -0.188
1881.625   -0.097
1881.708   -0.270
1881.792   -0.254
1881.875   -0.370
1881.958   -0.239
1882.042   -0.013
1882.125   -0.073
1882.208   -0.165
1882.292   -0.372
1882.375   -0.425
1882.458   -0.404
1882.542   -0.330
1882.625   -0.198
1882.708   -0.150
1882.792   -0.417
1882.875   -0.405
1882.958   -0.703
1883.042   -0.510
1883.125   -0.473
1883.208   -0.239
1883.292   -0.407
1883.375   -0.304
1883.458   -0.203
1883.542   -0.255
1883.625   -0.317
1883.708   -0.307
1883.792   -0.359
1883.875   -0.477
1883.958   -0.369
1884.042   -0.391
1884.125   -0.270
1884.208   -0.598
1884.292   -0.621
1884.375   -0.593
1884.458   -0.535
1884.542   -0.589
1884.625   -0.457
1884.708   -0.523
1884.792   -0.482
1884.875   -0.657
1884.958   -0.476
1885.042   -0.724
1885.125   -0.503
1885.208   -0.523
1885.292   -0.649
1885.375   -0.642
1885.458   -0.635
1885.542   -0.413
1885.625   -0.454
1885.708   -0.368
1885.792   -0.349
1885.875   -0.465
1885.958   -0.236
1886.042   -0.599
1886.125   -0.639
1886.208   -0.551
1886.292   -0.477
1886.375   -0.328
1886.458   -0.506
1886.542   -0.305
1886.625   -0.351
1886.708   -0.436
1886.792   -0.435
1886.875   -0.534
1886.958   -0.441
1887.042   -0.883
1887.125   -0.754
1887.208   -0.507
1887.292   -0.423
1887.375   -0.552
1887.458   -0.446
1887.542   -0.405
1887.625   -0.487
1887.708   -0.399
1887.792   -0.425
1887.875   -0.455
1887.958   -0.474
1888.042   -0.512
1888.125   -0.595
1888.208   -0.580
1888.292   -0.399
1888.375   -0.393
1888.458   -0.339
1888.542   -0.314
1888.625   -0.280
1888.708   -0.310
1888.792   -0.110
1888.875   -0.256
1888.958   -0.272
1889.042   -0.231
1889.125   0.063
1889.208   -0.114
1889.292   -0.047
1889.375   -0.183
1889.458   -0.197
1889.542   -0.186
1889.625   -0.253
1889.708   -0.355
1889.792   -0.315
1889.875   -0.434
1889.958   -0.409
1890.042   -0.523
1890.125   -0.449
1890.208   -0.584
1890.292   -0.416
1890.375   -0.487
1890.458   -0.445
1890.542   -0.463
1890.625   -0.416
1890.708   -0.399
1890.792   -0.355
1890.875   -0.641
1890.958   -0.405
1891.042   -0.583
1891.125   -0.586
1891.208   -0.290
1891.292   -0.439
1891.375   -0.259
1891.458   -0.307
1891.542   -0.294
1891.625   -0.308
1891.708   -0.224
1891.792   -0.323
1891.875   -0.515
1891.958   -0.254
1892.042   -0.405
1892.125   -0.220
1892.208   -0.558
1892.292   -0.545
1892.375   -0.475
1892.458   -0.388
1892.542   -0.504
1892.625   -0.491
1892.708   -0.349
1892.792   -0.400
1892.875   -0.685
1892.958   -0.719
1893.042   -0.933
1893.125   -0.714
1893.208   -0.402
1893.292   -0.475
1893.375   -0.517
1893.458   -0.395
1893.542   -0.185
1893.625   -0.289
1893.708   -0.393
1893.792   -0.267
1893.875   -0.391
1893.958   -0.499
1894.042   -0.606
1894.125   -0.431
1894.208   -0.428
1894.292   -0.511
1894.375   -0.515
1894.458   -0.529
1894.542   -0.284
1894.625   -0.320
1894.708   -0.339
1894.792   -0.336
1894.875   -0.414
1894.958   -0.492
1895.042   -0.529
1895.125   -0.589
1895.208   -0.584
1895.292   -0.397
1895.375   -0.479
1895.458   -0.366
1895.542   -0.268
1895.625   -0.340
1895.708   -0.290
1895.792   -0.321
1895.875   -0.217
1895.958   -0.353
1896.042   -0.314
1896.125   -0.260
1896.208   -0.502
1896.292   -0.494
1896.375   -0.347
1896.458   -0.196
1896.542   -0.134
1896.625   -0.121
1896.708   -0.126
1896.792   -0.116
1896.875   -0.254
1896.958   -0.027
1897.042   -0.255
1897.125   -0.288
1897.208   -0.276
1897.292   -0.115
1897.375   -0.088
1897.458   -0.192
1897.542   -0.192
1897.625   -0.198
1897.708   -0.240
1897.792   -0.269
1897.875   -0.380
1897.958   -0.398
1898.042   -0.268
1898.125   -0.544
1898.208   -0.731
1898.292   -0.518
1898.375   -0.542
1898.458   -0.296
1898.542   -0.355
1898.625   -0.345
1898.708   -0.395
1898.792   -0.545
1898.875   -0.504
1898.958   -0.522
1899.042   -0.333
1899.125   -0.509
1899.208   -0.603
1899.292   -0.376
1899.375   -0.305
1899.458   -0.474
1899.542   -0.308
1899.625   -0.167
1899.708   -0.144
1899.792   -0.162
1899.875   -0.073
1899.958   -0.433
1900.042   -0.518
1900.125   -0.121
1900.208   -0.190
1900.292   -0.200
1900.375   -0.273
1900.458   -0.163
1900.542   -0.189
1900.625   -0.207
1900.708   -0.175
1900.792   -0.038
1900.875   -0.267
1900.958   -0.215
1901.042   -0.339
1901.125   -0.213
1901.208   -0.180
1901.292   -0.156
1901.375   -0.207
1901.458   -0.208
1901.542   -0.275
1901.625   -0.168
1901.708   -0.287
1901.792   -0.298
1901.875   -0.360
1901.958   -0.416
1902.042   -0.390
1902.125   -0.192
1902.208   -0.499
1902.292   -0.419
1902.375   -0.462
1902.458   -0.397
1902.542   -0.353
1902.625   -0.365
1902.708   -0.331
1902.792   -0.474
1902.875   -0.573
1902.958   -0.587
1903.042   -0.407
1903.125   -0.194
1903.208   -0.400
1903.292   -0.570
1903.375   -0.540
1903.458   -0.574
1903.542   -0.475
1903.625   -0.560
1903.708   -0.514
1903.792   -0.621
1903.875   -0.600
1903.958   -0.616
1904.042   -0.761
1904.125   -0.733
1904.208   -0.649
1904.292   -0.581
1904.375   -0.612
1904.458   -0.541
1904.542   -0.537
1904.625   -0.514
1904.708   -0.538
1904.792   -0.492
1904.875   -0.357
1904.958   -0.426
1905.042   -0.454
1905.125   -0.701
1905.208   -0.468
1905.292   -0.503
1905.375   -0.377
1905.458   -0.319
1905.542   -0.338
1905.625   -0.275
1905.708   -0.333
1905.792   -0.336
1905.875   -0.180
1905.958   -0.271
1906.042   -0.360
1906.125   -0.332
1906.208   -0.188
1906.292   -0.103
1906.375   -0.384
1906.458   -0.235
1906.542   -0.360
1906.625   -0.250
1906.708   -0.284
1906.792   -0.249
1906.875   -0.401
1906.958   -0.280
1907.042   -0.463
1907.125   -0.578
1907.208   -0.337
1907.292   -0.375
1907.375   -0.578
1907.458   -0.499
1907.542   -0.371
1907.625   -0.454
1907.708   -0.389
1907.792   -0.294
1907.875   -0.533
1907.958   -0.580
1908.042   -0.464
1908.125   -0.348
1908.208   -0.678
1908.292   -0.571
1908.375   -0.392
1908.458   -0.409
1908.542   -0.389
1908.625   -0.496
1908.708   -0.373
1908.792   -0.507
1908.875   -0.619
1908.958   -0.604
1909.042   -0.744
1909.125   -0.503
1909.208   -0.738
1909.292   -0.641
1909.375   -0.555
1909.458   -0.512
1909.542   -0.532
1909.625   -0.295
1909.708   -0.450
1909.792   -0.483
1909.875   -0.420
1909.958   -0.595
1910.042   -0.447
1910.125   -0.510
1910.208   -0.626
1910.292   -0.532
1910.375   -0.438
1910.458   -0.434
1910.542   -0.454
1910.625   -0.369
1910.708   -0.441
1910.792   -0.364
1910.875   -0.669
1910.958   -0.773
1911.042   -0.642
1911.125   -0.709
1911.208   -0.705
1911.292   -0.616
1911.375   -0.608
1911.458   -0.515
1911.542   -0.475
1911.625   -0.444
1911.708   -0.472
1911.792   -0.327
1911.875   -0.336
1911.958   -0.355
1912.042   -0.262
1912.125   -0.325
1912.208   -0.476
1912.292   -0.292
1912.375   -0.314
1912.458   -0.272
1912.542   -0.488
1912.625   -0.581
1912.708   -0.605
1912.792   -0.634
1912.875   -0.492
1912.958   -0.553
1913.042   -0.550
1913.125   -0.506
1913.208   -0.548
1913.292   -0.387
1913.375   -0.464
1913.458   -0.545
1913.542   -0.441
1913.625   -0.375
1913.708   -0.374
1913.792   -0.359
1913.875   -0.303
1913.958   -0.090
1914.042   -0.072
1914.125   -0.220
1914.208   -0.406
1914.292   -0.372
1914.375   -0.284
1914.458   -0.275
1914.542   -0.330
1914.625   -0.187
1914.708   -0.311
1914.792   -0.024
1914.875   -0.175
1914.958   -0.180
1915.042   -0.278
1915.125   -0.187
1915.208   -0.107
1915.292   -0.031
1915.375   -0.021
1915.458   -0.176
1915.542   -0.209
1915.625   -0.095
1915.708   -0.139
1915.792   -0.337
1915.875   -0.140
1915.958   -0.332
1916.042   -0.315
1916.125   -0.187
1916.208   -0.402
1916.292   -0.332
1916.375   -0.337
1916.458   -0.414
1916.542   -0.311
1916.625   -0.349
1916.708   -0.328
1916.792   -0.406
1916.875   -0.536
1916.958   -0.813
1917.042   -0.707
1917.125   -0.700
1917.208   -0.818
1917.292   -0.530
1917.375   -0.584
1917.458   -0.482
1917.542   -0.271
1917.625   -0.282
1917.708   -0.246
1917.792   -0.507
1917.875   -0.498
1917.958   -0.797
1918.042   -0.578
1918.125   -0.612
1918.208   -0.520
1918.292   -0.578
1918.375   -0.488
1918.458   -0.423
1918.542   -0.412
1918.625   -0.399
1918.708   -0.179
1918.792   -0.144
1918.875   -0.128
1918.958   -0.331
1919.042   -0.221
1919.125   -0.224
1919.208   -0.401
1919.292   -0.203
1919.375   -0.271
1919.458   -0.350
1919.542   -0.355
1919.625   -0.301
1919.708   -0.316
1919.792   -0.342
1919.875   -0.565
1919.958   -0.533
1920.042   -0.284
1920.125   -0.413
1920.208   -0.140
1920.292   -0.259
1920.375   -0.301
1920.458   -0.185
1920.542   -0.273
1920.625   -0.262
1920.708   -0.167
1920.792   -0.183
1920.875   -0.308
1920.958   -0.476
1921.042   -0.274
1921.125   -0.226
1921.208   -0.353
1921.292   -0.295
1921.375   -0.343
1921.458   -0.125
1921.542   -0.182
1921.625   -0.273
1921.708   -0.132
1921.792   -0.114
1921.875   -0.163
1921.958   -0.237
1922.042   -0.387
1922.125   -0.404
1922.208   -0.270
1922.292   -0.157
1922.375   -0.434
1922.458   -0.270
1922.542   -0.206
1922.625   -0.351
1922.708   -0.321
1922.792   -0.368
1922.875   -0.262
1922.958   -0.281
1923.042   -0.404
1923.125   -0.443
1923.208   -0.453
1923.292   -0.332
1923.375   -0.350
1923.458   -0.212
1923.542   -0.360
1923.625   -0.325
1923.708   -0.325
1923.792   -0.103
1923.875    0.045
1923.958   -0.077
1924.042   -0.343
1924.125   -0.275
1924.208   -0.154
1924.292   -0.282
1924.375   -0.201
1924.458   -0.262
1924.542   -0.246
1924.625   -0.260
1924.708   -0.279
1924.792   -0.336
1924.875   -0.236
1924.958   -0.477
1925.042   -0.500
1925.125   -0.461
1925.208   -0.324
1925.292   -0.346
1925.375   -0.163
1925.458   -0.297
1925.542   -0.280
1925.625   -0.132
1925.708   -0.190
1925.792   -0.225
1925.875   -0.031
1925.958   0.038
1926.042   0.146
1926.125   -0.073
1926.208   -0.011
1926.292   -0.152
1926.375   -0.209
1926.458   -0.158
1926.542   -0.226
1926.625   -0.092
1926.708   -0.089
1926.792   -0.046
1926.875   -0.085
1926.958   -0.301
1927.042   -0.304
1927.125   -0.175
1927.208   -0.408
1927.292   -0.254
1927.375   -0.197
1927.458   -0.262
1927.542   -0.192
1927.625   -0.197
1927.708   -0.083
1927.792   0.031
1927.875   -0.096
1927.958   -0.360
1928.042   0.004
1928.125   -0.078
1928.208   -0.289
1928.292   -0.221
1928.375   -0.302
1928.458   -0.333
1928.542   -0.179
1928.625   -0.178
1928.708   -0.236
1928.792   -0.149
1928.875   -0.173
1928.958   -0.252
1929.042   -0.465
1929.125   -0.569
1929.208   -0.462
1929.292   -0.381
1929.375   -0.446
1929.458   -0.361
1929.542   -0.406
1929.625   -0.256
1929.708   -0.212
1929.792   -0.170
1929.875   -0.084
1929.958   -0.557
1930.042   -0.285
1930.125   -0.353
1930.208   -0.179
1930.292   -0.138
1930.375   -0.215
1930.458   -0.212
1930.542   -0.177
1930.625   -0.091
1930.708   -0.086
1930.792   -0.066
1930.875   0.135
1930.958   -0.070
1931.042   -0.139
1931.125   -0.220
1931.208   -0.131
1931.292   -0.137
1931.375   -0.159
1931.458   -0.017
1931.542   0.011
1931.625   0.016
1931.708   -0.029
1931.792   0.007
1931.875   -0.025
1931.958   -0.085
1932.042   0.067
1932.125   -0.212
1932.208   -0.204
1932.292   0.021
1932.375   -0.098
1932.458   -0.262
1932.542   -0.130
1932.625   -0.193
1932.708   0.045
1932.792   -0.101
1932.875   -0.320
1932.958   -0.246
1933.042   -0.289
1933.125   -0.300
1933.208   -0.373
1933.292   -0.271
1933.375   -0.271
1933.458   -0.352
1933.542   -0.243
1933.625   -0.125
1933.708   -0.314
1933.792   -0.190
1933.875   -0.334
1933.958   -0.533
1934.042   -0.258
1934.125   -0.112
1934.208   -0.413
1934.292   -0.319
1934.375   -0.157
1934.458   -0.104
1934.542   -0.124
1934.625   -0.105
1934.708   -0.124
1934.792   -0.047
1934.875   0.074
1934.958   -0.103
1935.042   -0.396
1935.125   0.097
1935.208   -0.183
1935.292   -0.248
1935.375   -0.297
1935.458   -0.214
1935.542   -0.155
1935.625   -0.192
1935.708   -0.160
1935.792   -0.068
1935.875   -0.352
1935.958   -0.247
1936.042   -0.366
1936.125   -0.334
1936.208   -0.344
1936.292   -0.148
1936.375   -0.182
1936.458   -0.117
1936.542   -0.050
1936.625   -0.060
1936.708   -0.104
1936.792   0.060
1936.875   -0.024
1936.958   0.015
1937.042   -0.138
1937.125   0.045
1937.208   -0.260
1937.292   -0.075
1937.375   -0.061
1937.458   0.029
1937.542   0.049
1937.625   0.080
1937.708   0.121
1937.792   0.161
1937.875   0.101
1937.958   -0.077
1938.042   0.036
1938.125   0.029
1938.208   -0.008
1938.292   0.010
1938.375   -0.150
1938.458   -0.106
1938.542   -0.049
1938.625   0.000
1938.708   0.040
1938.792   0.192
1938.875   0.086
1938.958   -0.218
1939.042   -0.111
1939.125   -0.086
1939.208   -0.317
1939.292   -0.040
1939.375   0.066
1939.458   0.015
1939.542   -0.026
1939.625   -0.013
1939.708   0.022
1939.792   -0.147
1939.875   0.009
1939.958   0.327
1940.042   -0.068
1940.125   0.077
1940.208   -0.071
1940.292   0.141
1940.375   0.005
1940.458   0.045
1940.542   0.114
1940.625   0.082
1940.708   0.035
1940.792   0.045
1940.875   -0.052
1940.958   0.189
1941.042   -0.088
1941.125   0.103
1941.208   -0.139
1941.292   0.018
1941.375   -0.031
1941.458   0.059
1941.542   0.120
1941.625   -0.001
1941.708   -0.165
1941.792   0.215
1941.875   -0.005
1941.958   0.137
1942.042   0.262
1942.125   -0.042
1942.208   -0.002
1942.292   -0.035
1942.375   0.070
1942.458   0.076
1942.542   -0.019
1942.625   -0.046
1942.708   -0.037
1942.792   -0.018
1942.875   -0.035
1942.958   0.045
1943.042   -0.124
1943.125   0.050
1943.208   -0.103
1943.292   0.086
1943.375   0.070
1943.458   0.013
1943.542   0.035
1943.625   0.122
1943.708   0.023
1943.792   0.298
1943.875   0.160
1943.958   0.212
1944.042   0.337
1944.125   0.214
1944.208   0.212
1944.292   0.122
1944.375   0.161
1944.458   0.088
1944.542   0.208
1944.625   0.233
1944.708   0.212
1944.792   0.239
1944.875   0.089
1944.958   0.123
1945.042   0.038
1945.125   -0.053
1945.208   0.022
1945.292   0.165
1945.375   -0.019
1945.458   0.020
1945.542   0.002
1945.625   0.291
1945.708   0.125
1945.792   0.232
1945.875   0.055
1945.958   -0.165
1946.042   0.072
1946.125   -0.117
1946.208   -0.043
1946.292   0.078
1946.375   -0.106
1946.458   -0.287
1946.542   -0.053
1946.625   -0.162
1946.708   -0.107
1946.792   0.006
1946.875   -0.111
1946.958   -0.377
1947.042   -0.162
1947.125   -0.095
1947.208   -0.030
1947.292   0.025
1947.375   -0.084
1947.458   -0.051
1947.542   -0.065
1947.625   -0.115
1947.708   -0.115
1947.792   0.038
1947.875   0.037
1947.958   -0.154
1948.042   0.033
1948.125   -0.202
1948.208   -0.265
1948.292   -0.168
1948.375   0.051
1948.458   0.005
1948.542   -0.136
1948.625   -0.047
1948.708   -0.137
1948.792   -0.028
1948.875   -0.155
1948.958   -0.375
1949.042   0.011
1949.125   -0.250
1949.208   -0.172
1949.292   -0.113
1949.375   -0.135
1949.458   -0.230
1949.542   -0.170
1949.625   -0.100
1949.708   -0.162
1949.792   -0.064
1949.875   -0.137
1949.958   -0.194
1950.042   -0.297
1950.125   -0.383
1950.208   -0.241
1950.292   -0.246
1950.375   -0.148
1950.458   -0.070
1950.542   -0.058
1950.625   -0.186
1950.708   -0.219
1950.792   -0.185
1950.875   -0.368
1950.958   -0.300
1951.042   -0.425
1951.125   -0.490
1951.208   -0.268
1951.292   -0.112
1951.375   0.052
1951.458   0.114
1951.542   0.007
1951.625   0.176
1951.708   0.100
1951.792   0.179
1951.875   -0.017
1951.958   0.103
1952.042   0.129
1952.125   0.098
1952.208   -0.161
1952.292   0.037
1952.375   0.018
1952.458   0.048
1952.542   0.101
1952.625   0.057
1952.708   0.088
1952.792   0.050
1952.875   -0.091
1952.958   -0.030
1953.042   0.024
1953.125   0.156
1953.208   0.023
1953.292   0.260
1953.375   0.205
1953.458   0.200
1953.542   0.086
1953.625   0.088
1953.708   0.114
1953.792   0.072
1953.875   -0.029
1953.958   0.032
1954.042   -0.243
1954.125   -0.118
1954.208   -0.145
1954.292   -0.080
1954.375   -0.113
1954.458   -0.101
1954.542   -0.142
1954.625   -0.105
1954.708   -0.109
1954.792   0.036
1954.875   0.108
1954.958   -0.190
1955.042   0.126
1955.125   -0.195
1955.208   -0.378
1955.292   -0.202
1955.375   -0.255
1955.458   -0.116
1955.542   -0.167
1955.625   0.025
1955.708   -0.148
1955.792   -0.101
1955.875   -0.290
1955.958   -0.364
1956.042   -0.213
1956.125   -0.247
1956.208   -0.346
1956.292   -0.275
1956.375   -0.311
1956.458   -0.184
1956.542   -0.148
1956.625   -0.278
1956.708   -0.258
1956.792   -0.289
1956.875   -0.180
1956.958   -0.161
1957.042   -0.222
1957.125   -0.146
1957.208   -0.199
1957.292   -0.084
1957.375   0.072
1957.458   0.123
1957.542   -0.039
1957.625   0.135
1957.708   0.102
1957.792   0.026
1957.875   0.024
1957.958   0.044
1958.042   0.288
1958.125   0.125
1958.208   -0.011
1958.292   -0.118
1958.375   -0.006
1958.458   -0.093
1958.542   -0.005
1958.625   -0.069
1958.708   -0.097
1958.792   -0.007
1958.875   -0.004
1958.958   -0.062
1959.042   0.001
1959.125   -0.053
1959.208   -0.016
1959.292   0.081
1959.375   -0.022
1959.458   0.036
1959.542   0.013
1959.625   -0.040
1959.708   -0.113
1959.792   -0.057
1959.875   -0.174
1959.958   -0.109
1960.042   -0.117
1960.125   0.039
1960.208   -0.457
1960.292   -0.244
1960.375   -0.130
1960.458   -0.053
1960.542   -0.069
1960.625   0.047
1960.708   0.072
1960.792   0.014
1960.875   -0.196
1960.958   0.098
1961.042   -0.076
1961.125   0.074
1961.208   -0.084
1961.292   0.065
1961.375   0.076
1961.458   0.091
1961.542   0.025
1961.625   0.026
1961.708   -0.009
1961.792   -0.073
1961.875   -0.036
1961.958   -0.249
1962.042   -0.045
1962.125   0.053
1962.208   0.005
1962.292   -0.056
1962.375   -0.178
1962.458   -0.042
1962.542   -0.082
1962.625   -0.074
1962.708   -0.089
1962.792   -0.027
1962.875   -0.024
1962.958   -0.125
1963.042   -0.112
1963.125   0.062
1963.208   -0.336
1963.292   -0.149
1963.375   -0.159
1963.458   -0.072
1963.542   0.052
1963.625   0.223
1963.708   0.141
1963.792   0.153
1963.875   0.070
1963.958   -0.062
1964.042   -0.192
1964.125   -0.221
1964.208   -0.375
1964.292   -0.444
1964.375   -0.323
1964.458   -0.107
1964.542   -0.085
1964.625   -0.300
1964.708   -0.349
1964.792   -0.308
1964.875   -0.316
1964.958   -0.364
1965.042   -0.150
1965.125   -0.281
1965.208   -0.263
1965.292   -0.330
1965.375   -0.139
1965.458   -0.122
1965.542   -0.170
1965.625   -0.127
1965.708   -0.159
1965.792   -0.067
1965.875   -0.111
1965.958   -0.097
1966.042   -0.263
1966.125   -0.126
1966.208   -0.171
1966.292   -0.112
1966.375   -0.201
1966.458   -0.038
1966.542   0.031
1966.625   -0.052
1966.708   -0.041
1966.792   -0.125
1966.875   -0.061
1966.958   -0.104
1967.042   -0.220
1967.125   -0.334
1967.208   -0.060
1967.292   -0.114
1967.375   0.122
1967.458   -0.057
1967.542   0.004
1967.625   -0.054
1967.708   -0.071
1967.792   0.002
1967.875   -0.071
1967.958   -0.131
1968.042   -0.303
1968.125   -0.242
1968.208   0.026
1968.292   -0.160
1968.375   -0.187
1968.458   -0.141
1968.542   -0.200
1968.625   -0.150
1968.708   -0.244
1968.792   0.025
1968.875   -0.082
1968.958   -0.140
1969.042   -0.144
1969.125   -0.187
1969.208   -0.103
1969.292   0.040
1969.375   0.118
1969.458   0.057
1969.542   -0.098
1969.625   -0.037
1969.708   -0.016
1969.792   0.016
1969.875   0.062
1969.958   0.166
1970.042   0.035
1970.125   0.086
1970.208   -0.083
1970.292   -0.054
1970.375   -0.086
1970.458   -0.078
1970.542   -0.057
1970.625   -0.133
1970.708   0.036
1970.792   -0.029
1970.875   -0.076
1970.958   -0.211
1971.042   -0.143
1971.125   -0.280
1971.208   -0.337
1971.292   -0.216
1971.375   -0.187
1971.458   -0.173
1971.542   -0.145
1971.625   -0.173
1971.708   -0.097
1971.792   -0.146
1971.875   -0.111
1971.958   -0.232
1972.042   -0.385
1972.125   -0.295
1972.208   -0.122
1972.292   -0.086
1972.375   -0.037
1972.458   -0.017
1972.542   -0.066
1972.625   0.089
1972.708   -0.057
1972.792   -0.039
1972.875   -0.015
1972.958   0.113
1973.042   0.103
1973.125   0.142
1973.208   0.117
1973.292   0.180
1973.375   0.153
1973.458   0.103
1973.542   0.023
1973.625   -0.010
1973.708   -0.010
1973.792   0.035
1973.875   -0.032
1973.958   -0.112
1974.042   -0.323
1974.125   -0.451
1974.208   -0.242
1974.292   -0.209
1974.375   -0.113
1974.458   -0.073
1974.542   -0.099
1974.625   0.106
1974.708   -0.077
1974.792   -0.120
1974.875   -0.122
1974.958   -0.214
1975.042   -0.086
1975.125   -0.011
1975.208   0.002
1975.292   -0.026
1975.375   0.095
1975.458   -0.063
1975.542   -0.074
1975.625   -0.220
1975.708   -0.105
1975.792   -0.144
1975.875   -0.269
1975.958   -0.262
1976.042   -0.180
1976.125   -0.251
1976.208   -0.350
1976.292   -0.182
1976.375   -0.386
1976.458   -0.240
1976.542   -0.069
1976.625   -0.218
1976.708   -0.109
1976.792   -0.285
1976.875   -0.091
1976.958   0.001
1977.042   0.159
1977.125   0.113
1977.208   0.086
1977.292   0.181
1977.375   0.234
1977.458   0.251
1977.542   0.130
1977.625   0.146
1977.708   0.044
1977.792   0.042
1977.875   0.152
1977.958   -0.053
1978.042   0.034
1978.125   0.081
1978.208   0.087
1978.292   0.060
1978.375   0.062
1978.458   -0.038
1978.542   0.006
1978.625   -0.200
1978.708   0.052
1978.792   -0.059
1978.875   0.116
1978.958   0.007
1979.042   0.068
1979.125   -0.177
1979.208   0.062
1979.292   0.087
1979.375   -0.049
1979.458   0.044
1979.542   0.007
1979.625   0.091
1979.708   0.165
1979.792   0.155
1979.875   0.207
1979.958   0.382
1980.042   0.240
1980.125   0.362
1980.208   0.236
1980.292   0.256
1980.375   0.231
1980.458   0.122
1980.542   0.213
1980.625   0.179
1980.708   0.126
1980.792   0.098
1980.875   0.228
1980.958   0.114
1981.042   0.453
1981.125   0.300
1981.208   0.324
1981.292   0.171
1981.375   0.152
1981.458   0.261
1981.542   0.311
1981.625   0.318
1981.708   0.160
1981.792   0.071
1981.875   0.162
1981.958   0.350
1982.042   0.004
1982.125   0.070
1982.208   -0.147
1982.292   0.015
1982.375   0.092
1982.458   0.031
1982.542   0.069
1982.625   0.010
1982.708   0.060
1982.792   0.095
1982.875   0.070
1982.958   0.283
1983.042   0.396
1983.125   0.325
1983.208   0.250
1983.292   0.175
1983.375   0.238
1983.458   0.168
1983.542   0.134
1983.625   0.277
1983.708   0.332
1983.792   0.107
1983.875   0.239
1983.958   0.109
1984.042   0.169
1984.125   0.003
1984.208   0.137
1984.292   0.017
1984.375   0.239
1984.458   -0.005
1984.542   0.012
1984.625   0.115
1984.708   0.166
1984.792   0.024
1984.875   -0.039
1984.958   -0.165
1985.042   0.152
1985.125   -0.065
1985.208   0.052
1985.292   -0.001
1985.375   0.064
1985.458   0.085
1985.542   -0.051
1985.625   0.128
1985.708   0.088
1985.792   0.044
1985.875   0.030
1985.958   0.067
1986.042   0.135
1986.125   0.308
1986.208   0.113
1986.292   0.137
1986.375   0.114
1986.458   0.025
1986.542   0.041
1986.625   0.084
1986.708   0.008
1986.792   0.092
1986.875   0.048
1986.958   0.022
1987.042   0.205
1987.125   0.300
1987.208   0.073
1987.292   0.140
1987.375   0.152
1987.458   0.254
1987.542   0.368
1987.625   0.215
1987.708   0.270
1987.792   0.239
1987.875   0.181
1987.958   0.361
1988.042   0.433
1988.125   0.324
1988.208   0.368
1988.292   0.316
1988.375   0.317
1988.458   0.337
1988.542   0.228
1988.625   0.275
1988.708   0.305
1988.792   0.274
1988.875   0.065
1988.958   0.185
1989.042   -0.043
1989.125   0.250
1989.208   0.186
1989.292   0.147
1989.375   0.035
1989.458   0.103
1989.542   0.271
1989.625   0.235
1989.708   0.294
1989.792   0.246
1989.875   0.096
1989.958   0.295
1990.042   0.287
1990.125   0.295
1990.208   0.622
1990.292   0.503
1990.375   0.382
1990.458   0.327
1990.542   0.370
1990.625   0.254
1990.708   0.232
1990.792   0.423
1990.875   0.351
1990.958   0.287
1991.042   0.325
1991.125   0.404
1991.208   0.263
1991.292   0.444
1991.375   0.339
1991.458   0.433
1991.542   0.488
1991.625   0.379
1991.708   0.363
1991.792   0.255
1991.875   0.261
1991.958   0.237
1992.042   0.381
1992.125   0.326
1992.208   0.341
1992.292   0.169
1992.375   0.216
1992.458   0.180
1992.542   0.014
1992.625   0.056
1992.708   -0.069
1992.792   0.009
1992.875   -0.023
1992.958   0.115
1993.042   0.329
1993.125   0.305
1993.208   0.282
1993.292   0.196
1993.375   0.245
1993.458   0.219
1993.542   0.197
1993.625   0.123
1993.708   0.133
1993.792   0.201
1993.875   0.093
1993.958   0.128
1994.042   0.203
1994.125   0.015
1994.208   0.265
1994.292   0.292
1994.375   0.273
1994.458   0.375
1994.542   0.243
1994.625   0.210
1994.708   0.283
1994.792   0.398
1994.875   0.380
1994.958   0.244
1995.042   0.436
1995.125   0.681
1995.208   0.373
1995.292   0.429
1995.375   0.254
1995.458   0.411
1995.542   0.484
1995.625   0.431
1995.708   0.301
1995.792   0.421
1995.875   0.411
1995.958   0.185
1996.042   0.210
1996.125   0.465
1996.208   0.313
1996.292   0.256
1996.375   0.259
1996.458   0.197
1996.542   0.360
1996.625   0.371
1996.708   0.232
1996.792   0.167
1996.875   0.323
1996.958   0.324
1997.042   0.258
1997.125   0.313
1997.208   0.443
1997.292   0.369
1997.375   0.302
1997.458   0.538
1997.542   0.380
1997.625   0.424
1997.708   0.494
1997.792   0.613
1997.875   0.623
1997.958   0.523
1998.042   0.524
1998.125   0.771
1998.208   0.600
1998.292   0.672
1998.375   0.651
1998.458   0.715
1998.542   0.697
1998.625   0.680
1998.708   0.408
1998.792   0.415
1998.875   0.414
1998.958   0.526
1999.042   0.397
1999.125   0.603
1999.208   0.268
1999.292   0.311
1999.375   0.254
1999.458   0.335
1999.542   0.316
1999.625   0.279
1999.708   0.312
1999.792   0.308
1999.875   0.313
1999.958   0.344
2000.042   0.205
2000.125   0.482
2000.208   0.438
2000.292   0.497
2000.375   0.279
2000.458   0.365
2000.542   0.345
2000.625   0.376
2000.708   0.351
2000.792   0.219
2000.875   0.296
2000.958   0.216
2001.042   0.383
2001.125   0.410
2001.208   0.525
2001.292   0.460
2001.375   0.455
2001.458   0.461
2001.542   0.500
2001.625   0.497
2001.708   0.499
2001.792   0.455
2001.875   0.714
2001.958   0.536
2002.042   0.659
2002.125   0.635
2002.208   0.816
2002.292   0.536
2002.375   0.535
2002.458   0.486
2002.542   0.587
2002.625   0.520
2002.708   0.509
2002.792   0.531
2002.875   0.517
2002.958   0.408
2003.042   0.681
2003.125   0.495
2003.208   0.494
2003.292   0.488
2003.375   0.526
2003.458   0.432
2003.542   0.502
2003.625   0.627
2003.708   0.622
2003.792   0.693
2003.875   0.514
2003.958   0.657
2004.042   0.543
2004.125   0.642
2004.208   0.539
2004.292   0.556
2004.375   0.392
2004.458   0.327
2004.542   0.285
2004.625   0.474
2004.708   0.495
2004.792   0.564
2004.875   0.656
2004.958   0.433
2005.042   0.671
2005.125   0.534
2005.208   0.658
2005.292   0.634
2005.375   0.560
2005.458   0.565
2005.542   0.555
2005.625   0.599
2005.708   0.665
2005.792   0.715
2005.875   0.675
2005.958   0.616
2006.042   0.507
2006.125   0.673
2006.208   0.546
2006.292   0.469
2006.375   0.447
2006.458   0.565
2006.542   0.465
2006.625   0.647
2006.708   0.545
2006.792   0.624
2006.875   0.655
2006.958   0.713
2007.042   0.894
2007.125   0.664
2007.208   0.591
2007.292   0.719
2007.375   0.572
2007.458   0.537
2007.542   0.595
2007.625   0.566
2007.708   0.517
2007.792   0.557
2007.875   0.566
2007.958   0.420
2008.042   0.206
2008.125   0.280
2008.208   0.621
2008.292   0.450
2008.375   0.441
2008.458   0.393
2008.542   0.565
2008.625   0.458
2008.708   0.556
2008.792   0.616
2008.875   0.626
2008.958   0.474
2009.042   0.600
2009.125   0.482
2009.208   0.433
2009.292   0.530
2009.375   0.535
2009.458   0.648
2009.542   0.715
2009.625   0.650
2009.708   0.681
2009.792   0.639
2009.875   0.702
2009.958   0.640
2010.042   0.697
2010.125   0.785
2010.208   0.837
2010.292   0.839
2010.375   0.705
2010.458   0.628
2010.542   0.620
2010.625   0.619
2010.708   0.587
2010.792   0.659
2010.875   0.731
2010.958   0.444
2011.042   0.484
2011.125   0.432
2011.208   0.571
2011.292   0.586
2011.375   0.441
2011.458   0.566
2011.542   0.670
2011.625   0.692
2011.708   0.545
2011.792   0.586
2011.875   0.522
2011.958   0.507
2012.042   0.388
2012.125   0.445
2012.208   0.433
2012.292   0.639
2012.375   0.672
2012.458   0.646
2012.542   0.549
2012.625   0.624
2012.708   0.649
2012.792   0.745
2012.875   0.760
2012.958   0.449
2013.042   0.597
2013.125   0.502
2013.208   0.556
2013.292   0.525
2013.375   0.536
2013.458   0.620
2013.542   0.590
2013.625   0.649
2013.708   0.725
2013.792   0.644
2013.875   0.807
2013.958   0.599
2014.042   0.663
2014.125   0.478
2014.208   0.688
2014.292   0.729
2014.375   0.761
2014.458   0.644
2014.542   0.575
2014.625   0.776
2014.708   0.829
2014.792   0.774
2014.875   0.617
2014.958   0.704
2015.042   0.760
2015.125   0.775
2015.208   0.806
2015.292   0.719
2015.375   0.731
2015.458   0.756
2015.542   0.738
2015.625   0.765
2015.708   0.840
2015.792   1.019
2015.875   0.993
2015.958   1.052
2016.042   1.125
2016.125   1.230
2016.208   1.198
2016.292   1.035
2016.375   0.839
2016.458   0.767
2016.542   0.796
2016.625   0.956
2016.708   0.830
2016.792   0.861
2016.875   0.850
2016.958   0.791
2017.042   0.926
2017.125   1.035
2017.208   1.046
2017.292   0.856
2017.375   0.784
2017.458   0.658
2017.542   0.759
2017.625   0.814
2017.708   0.690
2017.792   0.782
2017.875   0.781
2017.958   0.781
2018.042   0.718
2018.125   0.789
2018.208   0.771
2018.292   0.803
2018.375   0.696
2018.458   0.744
2018.542   0.739
2018.625   0.730
2018.708   0.692
2018.792   0.902
2018.875   0.755
2018.958   0.835