-4.227756933115823790e-01
6.922430668841764168e-02
-2.687756933115823532e-01
-2.082756933115823550e-01
-9.027569331158238897e-02
6.272430668841762202e-02
2.397243066884176266e-01
1.992243066884176184e-01
-2.477569331158238630e-02
-2.107756933115823850e-01
2.122430668841762680e-02
-4.275693311582368095e-03
1.257243066884176363e-01
-5.377569331158235655e-02
-2.602756933115823457e-01
-2.472756933115823619e-01
7.922430668841763668e-02
1.792243066884176284e-01
1.842243066884176050e-01
2.077243066884176259e-01
2.457243066884176041e-01
2.622243066884176188e-01
2.597243066884176166e-01
2.832243066884176375e-01
-6.477569331158236632e-02
-1.442756933115823537e-01
-2.502756933115823923e-01
-3.107756933115823905e-01
1.697243066884176477e-01
2.972243066884175944e-01
3.707243066884176041e-01
1.282243066884176108e-01
2.312243066884176190e-01
1.472243066884176277e-01
3.472430668841761103e-02
4.602243066884176281e-01
1.267243066884176095e-01
-1.977569331158238186e-02
9.224306688417616140e-03
-7.277569331158237342e-02
8.422430668841761336e-02
1.627243066884176415e-01
3.422243066884176343e-01
2.492243066884176073e-01
-2.677569331158238808e-02
-7.627569331158237653e-02
-9.827569331158236832e-02
-1.167756933115823847e-01
-9.277569331158236343e-02
-2.277569331158235677e-02
8.522430668841764201e-02
-4.377569331158237542e-02
2.372430668841761514e-02
3.072430668841762136e-02
1.357243066884176175e-01
2.277243066884176437e-01
2.447243066884176310e-01
2.597243066884176166e-01
-1.477569331158237742e-02
1.422430668841760670e-02
1.832243066884176041e-01
-7.677569331158237698e-02
-1.277569331158237564e-02
1.622243066884176410e-01
3.672430668841761281e-02
1.152243066884176131e-01
6.772430668841761259e-02
1.797243066884176010e-01
-1.627569331158237875e-02
1.182243066884176297e-01
5.724306688417626909e-03
-1.792756933115823847e-01
2.242243066884176406e-01
-9.327569331158236388e-02
-1.657756933115824005e-01
-9.927569331158236920e-02
9.322430668841763524e-02
1.287243066884176390e-01
1.772430668841762369e-02
4.572430668841762080e-02
-1.517756933115823881e-01
-1.362756933115824021e-01
-2.752756933115823590e-01
-1.447756933115823819e-01
-2.697756933115824096e-01
-7.377569331158237431e-02
-2.332756933115823494e-01
-3.797756933115823963e-01
-2.902756933115823723e-01
3.022430668841763479e-02
-1.532756933115823894e-01
6.022430668841761980e-02
-6.377569331158239319e-02
-1.572756933115823652e-01
-2.977756933115823790e-01
4.322430668841763246e-02
-8.977569331158238852e-02
-2.867756933115823692e-01
-2.182756933115824194e-01
-1.002756933115823701e-01
-2.532756933115823950e-01
-1.252756933115823645e-01
4.322430668841761858e-02
6.072430668841760637e-02
-2.577569331158238719e-02
9.522430668841762313e-02
-1.897756933115823941e-01
-7.527569331158237564e-02
-3.327569331158236610e-02
4.372430668841761903e-02
-2.577569331158238719e-02
1.687243066884176190e-01
1.147243066884176266e-01
1.332243066884176153e-01
2.872430668841760570e-02
1.762243066884176257e-01
-1.867756933115823359e-01
6.822430668841761303e-02
5.422430668841762835e-02
9.724306688417616584e-03
3.872430668841761459e-02
-1.542756933115823903e-01
-4.267756933115823825e-01
-1.377569331158237653e-02
1.772430668841762369e-02
5.372430668841762791e-02
1.297243066884176399e-01
1.532243066884176330e-01
1.722243066884176221e-01
3.422430668841761059e-02
-2.477756933115823901e-01
-5.012756933115823932e-01
-6.437756933115823532e-01
-2.477756933115823901e-01
-1.262756933115823932e-01
-2.477569331158238630e-02
-3.447756933115823652e-01
1.187243066884176163e-01
3.422430668841762447e-02
2.157243066884176330e-01
3.172430668841760837e-02
-6.027569331158236232e-02
-8.877569331158235988e-02
1.472430668841762103e-02
-4.977756933115823901e-01
-4.702756933115823657e-01
-1.902756933115823945e-01
-8.927569331158236032e-02
2.322430668841761470e-02
1.922430668841762502e-02
9.224306688417643896e-03
-2.637756933115823488e-01
-9.127569331158236210e-02
-9.227569331158236299e-02
-3.292756933115824070e-01
-5.927756933115824189e-01
2.612243066884176179e-01
1.637243066884176146e-01
-4.377569331158237542e-02
1.772430668841762369e-02
-4.177569331158237365e-02
-8.277569331158238231e-02
-7.775693311582371203e-03
3.322430668841760970e-02
3.722430668841761325e-02
-6.727569331158236854e-02
-7.827569331158237831e-02
-4.277569331158240229e-02
-5.592756933115823337e-01
-2.882756933115823705e-01
-1.752756933115823812e-01
-2.272756933115823719e-01
-2.777569331158238897e-02
1.777243066884175993e-01
1.507243066884176308e-01
2.272430668841762813e-02
-1.432756933115823805e-01
-3.352756933115823568e-01
-8.227569331158235411e-02
-2.897756933115823719e-01
2.122243066884176299e-01
-2.162756933115823621e-01
-2.727756933115824123e-01
-1.275693311582365430e-03
2.172430668841762724e-02
9.172430668841763390e-02
1.497243066884176299e-01
1.007243066884176280e-01
2.207243066884176097e-01
5.822430668841760415e-02
2.672430668841763168e-02
-5.177569331158238253e-02
2.497243066884176077e-01
6.372430668841762291e-02
-2.457756933115823883e-01
-8.077569331158240828e-02
-2.127756933115824145e-01
3.507243066884175864e-01
3.212243066884176157e-01
6.572430668841761081e-02
2.822430668841761914e-02
-4.427569331158237587e-02
1.017243066884176289e-01
1.097243066884176221e-01
-8.775693311582372091e-03
1.487243066884176290e-01
-3.257756933115823483e-01
1.522430668841762147e-02
-2.217756933115824225e-01
1.822430668841762413e-02
6.072430668841763413e-02
9.724306688417630462e-03
2.107243066884176286e-01
1.802243066884176292e-01
1.002243066884176276e-01
-1.642756933115823714e-01
-3.547756933115823741e-01
-2.422756933115823852e-01
9.522430668841760926e-02
4.222430668841761769e-02
1.817243066884176028e-01
1.437243066884176246e-01
4.132243066884176419e-01
2.637243066884176201e-01
1.002243066884176137e-01
1.232243066884176341e-01
-7.477569331158237520e-02
1.997243066884176188e-01
2.672430668841763168e-02
4.672243066884176343e-01
-2.917756933115823736e-01
5.072430668841761137e-02
2.672430668841760393e-02
-2.727569331158238852e-02
7.243066884176363462e-04
2.467243066884176050e-01
1.222243066884176194e-01
-2.977569331158236299e-02
3.422430668841762447e-02
-1.152756933115823834e-01
1.487243066884176013e-01
-1.527756933115823890e-01
-9.977569331158239740e-02
8.072430668841763801e-02
9.572430668841762358e-02
1.247243066884176216e-01
3.127243066884176637e-01
4.772430668841762258e-02
8.722430668841761603e-02
-4.127569331158240096e-02
8.422430668841761336e-02
-3.632756933115823816e-01
-2.217756933115823670e-01
-2.702756933115824101e-01
2.027243066884176215e-01
1.482243066884176286e-01
-1.927569331158238142e-02
8.772430668841761647e-02
2.912243066884175891e-01
1.062243066884176190e-01
-8.377569331158238319e-02
-1.007756933115823705e-01
-2.077756933115824101e-01
-1.972756933115824007e-01
-1.052756933115824023e-01
-1.407756933115824061e-01
-1.557756933115823639e-01
2.922430668841762003e-02
2.422243066884176288e-01
6.322430668841762247e-02
2.117243066884176295e-01
3.032243066884175997e-01
1.887243066884176090e-01
1.062243066884176190e-01
4.672430668841762169e-02
-1.712756933115823499e-01
1.867243066884176073e-01
-1.775693311582365874e-03
-1.275693311582365430e-03
-1.757756933115823816e-01
-3.477569331158236743e-02
7.472430668841761880e-02
1.622243066884176410e-01
1.757243066884176252e-01
-3.927569331158237143e-02
-3.427569331158239474e-02
-9.627569331158239430e-02
9.722430668841761103e-02
2.457243066884176041e-01
-1.092756933115823781e-01
-3.012756933115823821e-01
-1.417756933115823792e-01
-5.427569331158238475e-02
-1.937756933115823699e-01
1.362243066884176179e-01
2.222430668841762769e-02
1.527243066884176326e-01
-1.287756933115823677e-01
-1.467756933115823836e-01
-2.777569331158238897e-02
-2.377756933115823257e-01
-2.097756933115823563e-01
-2.637756933115823488e-01
-1.157756933115823839e-01
9.072430668841763302e-02
8.872430668841761736e-02
8.172430668841762502e-02
1.717243066884176217e-01
1.197243066884176171e-01
2.872430668841763346e-02
-1.682756933115823750e-01
-2.162756933115823621e-01
-8.927569331158238808e-02
3.172430668841760837e-02
-3.727569331158236965e-02
-5.275693311582368983e-03
-2.112756933115824132e-01
3.272430668841763701e-02
2.312243066884176190e-01
8.322430668841762635e-02
-4.427569331158237587e-02
-2.177569331158238364e-02
-2.347756933115823785e-01
-3.407756933115823617e-01
-3.627569331158239652e-02
2.317243066884176195e-01
1.642243066884176150e-01
3.372430668841761014e-02
-3.877569331158237098e-02
2.752243066884176304e-01
3.567243066884175917e-01
5.277243066884176326e-01
3.992243066884176295e-01
4.197243066884176477e-01
4.097243066884176388e-01
3.397243066884176321e-01
3.487243066884175846e-01
6.322243066884176699e-01
6.332243066884175597e-01
5.657243066884176663e-01
2.157243066884176330e-01
3.567243066884176472e-01
2.962243066884175935e-01
3.262243066884176201e-01
3.547243066884176455e-01
2.237243066884176401e-01
1.492243066884176295e-01
-1.677569331158237920e-02
1.392243066884176206e-01
1.172243066884176149e-01
2.047243066884176232e-01
2.972430668841762047e-02
5.572430668841761581e-02
4.822430668841762302e-02
9.622430668841762402e-02
1.752243066884176248e-01
1.057243066884176186e-01
2.137243066884176312e-01
-3.377569331158239430e-02
-1.937756933115823976e-01
1.926851031033624539e-01
1.569351031033624499e-01
2.349351031033624637e-01
2.051851031033624650e-01
1.819351031033624722e-01
1.436851031033624659e-01
1.689351031033624606e-01
2.546851031033624535e-01
1.776851031033624684e-01
7.393510310336247338e-02
1.059351031033624740e-01
1.514351031033624728e-01
1.186851031033624715e-01
1.394351031033624622e-01
2.264351031033624562e-01
2.554351031033624819e-01
2.724351031033624415e-01
9.868510310336245372e-02
1.874351031033624770e-01
2.389351031033624673e-01
1.289351031033624528e-01
6.918510310336245528e-02
3.543510310336245306e-02
1.866851031033624486e-01
3.369351031033624988e-01
2.811851031033624770e-01
2.849351031033624526e-01
1.451851031033624673e-01
1.146851031033624679e-01
7.168510310336245750e-02
1.721851031033624357e-01
2.016851031033624619e-01
1.949351031033624837e-01
3.493510310336245955e-02
7.218510310336245794e-02
-1.706489689663751030e-02
7.893510310336245006e-02
8.043510310336246527e-02
1.551851031033624762e-01
4.293510310336245972e-02
1.189351031033624717e-01
1.971851031033624579e-01
1.526851031033624739e-01
1.546851031033624757e-01
1.099351031033624637e-01
3.443510310336246605e-02
3.418510310336246583e-02
3.593510310336246738e-02
5.435103103362454169e-03
7.718510310336246238e-02
-3.281489689663753123e-02
-7.056489689663754394e-02
-1.331489689663753473e-02
1.493510310336245567e-02
-1.931489689663753312e-02
8.935103103362471155e-03
-1.081489689663753251e-02
3.293510310336245084e-02
-1.195648968966375320e-01
2.368510310336247038e-02
-1.175648968966375302e-01
7.685103103362470045e-03
-7.231489689663753162e-02
-1.180648968966375445e-01
-1.185648968966375449e-01
-1.113148968966375385e-01
4.185103103362466936e-03
-4.831489689663753806e-02
2.468510310336245739e-02
7.368510310336245928e-02
3.468510310336245239e-02
1.611851031033624815e-01
-1.073148968966375350e-01
-1.058148968966375336e-01
-4.431489689663753451e-02
-2.231489689663752884e-02
4.493510310336246150e-02
-6.056489689663753506e-02
5.518510310336245672e-02
1.743510310336246483e-02
-2.306489689663754339e-02
-2.564896896637539059e-03
-3.781489689663754261e-02
5.118510310336246705e-02
-2.658148968966375092e-01
-2.335648968966375638e-01
-6.956489689663752918e-02
-1.556489689663753673e-02
-1.531489689663755038e-02
-2.856489689663754827e-02
5.918510310336244640e-02
-3.581489689663752696e-02
3.243510310336245039e-02
-4.956489689663753917e-02
4.185103103362446120e-03
1.168510310336246666e-02
-2.043148968966375378e-01
-1.348148968966375594e-01
-1.070648968966375347e-01
5.968510310336246072e-02
3.643510310336248170e-02
8.868510310336245872e-02
8.693510310336247104e-02
6.443510310336245106e-02
1.141851031033624675e-01
2.026851031033624628e-01
1.464351031033624684e-01
1.586851031033624515e-01
1.669351031033624588e-01
2.516851031033624508e-01
2.194351031033624777e-01
2.946851031033624890e-01
2.081851031033624677e-01
1.861851031033624482e-01
1.846851031033624468e-01
1.406851031033624633e-01
5.993510310336246788e-02
1.181851031033624572e-01
6.093510310336246183e-02
1.369351031033624877e-01
1.593510310336244962e-02
8.468510310336246905e-02
4.685103103362467380e-03
1.014351031033624562e-01
7.935103103362470267e-03
2.743510310336245983e-02
2.443510310336245023e-02
-2.156489689663753512e-02
-5.156489689663754095e-02
-3.431489689663753256e-02
-1.650648968966375585e-01
-1.756489689663752463e-02
-1.398148968966375083e-01
-1.810648968966375172e-01
1.068510310336247271e-02
-2.814896896637525403e-03
7.693510310336246216e-02
7.518510310336246061e-02
6.468510310336246516e-02
3.118510310336246316e-02
9.968510310336248237e-02
3.768510310336246200e-02
-1.400648968966375363e-01
1.516851031033624730e-01
-9.314896896637545054e-03
1.009351031033624696e-01
-3.556489689663755449e-02
-7.331489689663756026e-02
6.935103103362455501e-03
-3.314896896637546664e-03
-6.356489689663755160e-02
-2.456489689663754472e-02
7.043510310336247027e-02
-1.314896896637551826e-03
-1.940648968966375287e-01
-1.690648968966375620e-01
-3.953148968966375687e-01
-2.088148968966375141e-01
-1.481489689663753606e-02
-9.656489689663752540e-02
-7.506489689663756182e-02
4.351031033624497280e-04
8.593510310336247016e-02
4.393510310336246755e-02
2.818510310336246050e-02
1.036851031033624582e-01
-1.756489689663752463e-02
-3.081489689663753639e-02
-2.388148968966375407e-01
-6.481489689663753884e-02
1.193510310336245994e-02
-5.581489689663754472e-02
-6.756489689663754128e-02
-7.656489689663754927e-02
7.668510310336246194e-02
3.368510310336245844e-02
1.218510310336244629e-02
2.143510310336244756e-02
-7.064896896637536117e-03
-3.406489689663752540e-02
-1.575648968966375518e-01
-1.525648968966375474e-01
-7.931489689663753784e-02
-2.406489689663754428e-02
-3.456489689663752585e-02
-8.314896896637544166e-03
6.743510310336246760e-02
6.618510310336245261e-02
8.043510310336247915e-02
8.443510310336245495e-02
9.793510310336246694e-02
8.618510310336247038e-02
6.568510310336245217e-02
8.143510310336246616e-02
-2.331489689663752973e-02
1.243510310336246732e-02
9.593510310336246516e-02
1.801851031033624428e-01
2.199351031033624781e-01
2.354351031033624642e-01
2.326851031033624617e-01
2.516851031033624508e-01
1.214351031033624601e-01
3.011851031033624393e-01
1.344351031033624577e-01
1.706851031033624899e-01
9.868510310336245372e-02
2.261851031033624837e-01
2.666851031033624642e-01
2.046851031033624646e-01
2.366851031033624653e-01
2.146851031033624457e-01
2.126851031033624717e-01
1.796851031033624702e-01
5.318510310336245495e-02
4.018510310336245728e-02
2.056851031033624655e-01
-9.564896896637559154e-03
-2.385648968966375127e-01
-3.881489689663752962e-02
9.935103103362458166e-03
1.051851031033624595e-01
8.593510310336247016e-02
8.868510310336247260e-02
7.468510310336246016e-02
-6.631489689663755405e-02
-2.681489689663754672e-02
4.193510310336246577e-02
1.611851031033624815e-01
-6.681489689663754061e-02
-1.553148968966375498e-01
3.218510310336247793e-02
6.368510310336247815e-02
5.435103103362461108e-03
9.068510310336246050e-02
1.679351031033624597e-01
2.014351031033624617e-01
1.414351031033624639e-01
2.551851031033625095e-01
1.318510310336246105e-02
1.043510310336244473e-02
1.506851031033624722e-01
1.176851031033624845e-01
1.461851031033624404e-01
1.224351031033624471e-01
1.581851031033624788e-01
1.791851031033624420e-01
1.984351031033624591e-01
2.051851031033624650e-01
3.174351031033624815e-01
1.989351031033624317e-01
2.014351031033624340e-01
8.268510310336246727e-02
1.776851031033624406e-01
2.274351031033624848e-01
2.156851031033624744e-01
1.831851031033624455e-01
2.029351031033624631e-01
1.531851031033624744e-01
1.754351031033624664e-01
1.014351031033624700e-01
1.274351031033624793e-01
6.843510310336245461e-02
3.793510310336246222e-02
9.843510310336245350e-02
1.809351031033624713e-01
6.968510310336246960e-02
4.643510310336246283e-02
8.185103103362442734e-03
2.368510310336247038e-02
4.293510310336245278e-02
2.568510310336246522e-02
3.593510310336245350e-02
-4.881489689663752463e-02
-7.131489689663754461e-02
-1.068148968966375345e-01
6.243510310336246316e-02
2.026851031033624628e-01
1.193510310336245994e-02
-8.931489689663751896e-02
-1.018148968966375439e-01
-1.163148968966375291e-01
-7.856489689663753717e-02
-1.378148968966375343e-01
-1.140648968966375409e-01
-1.845648968966375758e-01
-1.845648968966375203e-01
-1.935648968966375283e-01
-2.323148968966375350e-01
-1.543148968966375212e-01
-1.960648968966375305e-01
-1.795648968966375159e-01
-1.658148968966375314e-01
-1.468148968966375423e-01
-1.408148968966375369e-01
-1.363148968966375330e-01
-1.675648968966375607e-01
-1.373148968966375061e-01
4.351031033624774835e-04
-8.181489689663752618e-02
-1.420648968966375381e-01
-3.195648968966374737e-01
-1.185648968966375449e-01
-1.605648968966375545e-01
-4.381489689663753406e-02
-6.814896896637528956e-03
-9.814896896637531620e-03
1.993510310336246705e-02
-2.256489689663754294e-02
-5.814896896637541945e-03
1.694351031033624611e-01
1.114351031033624512e-01
1.001851031033624689e-01
-1.031489689663752513e-02
1.159351031033624690e-01
1.794351031033624699e-01
2.318510310336246993e-02
9.343510310336247682e-02
4.518510310336246866e-02
7.918510310336246416e-02
4.668510310336245611e-02
5.143510310336246033e-02
2.193510310336246188e-02
1.231851031033624755e-01
-5.456489689663754361e-02
-1.335648968966375305e-01
3.768510310336244812e-02
8.435103103362463772e-03
-1.318148968966375567e-01
-6.681489689663754061e-02
-1.814896896637552270e-03
-2.506489689663755210e-02
-2.706489689663754694e-02
4.318510310336246688e-02
-1.595648968966375536e-01
-8.481489689663754272e-02
-9.006489689663753351e-02
-7.881489689663752352e-02
-2.095648968966375425e-01
-1.538148968966375207e-01
-9.506489689663753795e-02
-8.881489689663751852e-02
-6.306489689663752340e-02
-1.230648968966375489e-01
-5.281489689663754206e-02
-1.225648968966375346e-01
-2.148148968966375194e-01
-1.790648968966375154e-01
-2.543148968966374990e-01
-1.220648968966375481e-01
-2.880648968966375567e-01
-2.398148968966375416e-01
-1.688148968966375341e-01
-1.345648968966375314e-01
-1.473148968966375150e-01
-1.656489689663753762e-02
-5.556489689663754450e-02
-1.095648968966375231e-01
-7.606489689663753495e-02
-1.900648968966375252e-01
-1.358148968966375048e-01
-1.395648968966375358e-01
-2.068148968966375678e-01
-1.565648968966375509e-01
-1.070648968966375347e-01
-1.075648968966375352e-01
-8.856489689663754605e-02
-3.981489689663753051e-02
-7.656489689663753540e-02
-8.506489689663752907e-02
-1.988148968966375607e-01
-3.108148968966375492e-01
-2.050648968966375385e-01
-2.790648968966374932e-01
-2.925648968966375052e-01
-2.418148968966375434e-01
-1.855648968966375212e-01
-1.540648968966375487e-01
-1.148148968966375416e-01
-1.045648968966375325e-01
-1.093148968966375367e-01
-4.656489689663753651e-02
-4.356489689663754772e-02
-4.806489689663753784e-02
-4.931489689663753895e-02
6.851031033624777056e-04
-1.163148968966375152e-01
-1.206489689663754750e-02
-1.581489689663753695e-02
5.435103103362468047e-03
-9.381489689663752296e-02
-1.785648968966375427e-01
-1.940648968966375287e-01
-1.873148968966375505e-01
-7.856489689663753717e-02
-8.031489689663755260e-02
-6.881489689663754239e-02
-5.956489689663754111e-02
-1.473148968966375705e-01
-1.306489689663754145e-02
-6.781489689663755538e-02
-8.356489689663755549e-02
-6.906489689663752873e-02
-6.731489689663754106e-02
-9.606489689663752496e-02
-8.456489689663751474e-02
5.468510310336247016e-02
1.334351031033624846e-01
2.211851031033624793e-01
8.368510310336246816e-02
-4.064896896637540391e-03
-1.906489689663753984e-02
4.493510310336247537e-02
3.493510310336245261e-02
2.193510310336246882e-02
9.868510310336245372e-02
4.993510310336247981e-02
1.839351031033624739e-01
1.719351031033624633e-01
1.991851031033624597e-01
2.066851031033624664e-01
2.486851031033624482e-01
1.779351031033624686e-01
2.471851031033624746e-01
2.121851031033624435e-01
1.336851031033624571e-01
1.766851031033624675e-01
2.239351031033625095e-01
1.796851031033624424e-01
1.184351031033624574e-01
2.169351031033624755e-01
1.476851031033624695e-01
1.114351031033624650e-01
1.869351031033624766e-01
3.443510310336243829e-02
1.136851031033624532e-01
6.693510310336245328e-02
-4.506489689663753517e-02
4.668510310336246305e-02
2.368510310336245650e-02
3.068510310336244884e-02
1.185103103362443455e-03
-8.806489689663753173e-02
-2.390648968966375132e-01
-1.778148968966375421e-01
-2.148148968966375194e-01
-3.085648968966375194e-01
-1.128148968966375260e-01
-2.075648968966375407e-01
-9.831489689663752696e-02
9.068510310336246050e-02
9.193510310336247549e-02
1.211851031033624737e-01
-5.656489689663754539e-02
-5.956489689663753417e-02
-3.690648968966375176e-01
-1.608148968966374992e-01
-2.025648968966375363e-01
-1.473148968966375427e-01
-1.830648968966375190e-01
-1.495648968966375447e-01
-5.406489689663752929e-02
4.435103103362460220e-03
9.685103103362457944e-03
1.184351031033624574e-01
1.316851031033624553e-01
1.719351031033624633e-01
-6.181489689663755005e-02
7.218510310336248570e-02
1.391851031033624619e-01
3.218510310336245711e-02
1.351851031033624584e-01
2.993510310336246205e-02
2.093510310336246794e-02
1.218510310336247404e-02
1.968510310336246683e-02
9.018510310336246005e-02
9.693510310336245217e-02
-7.031489689663754372e-02
-8.931489689663754672e-02
9.818510310336248104e-02
-2.106489689663753467e-02
1.916851031033624531e-01
1.206851031033624594e-01
9.368510310336246316e-02
7.993510310336246483e-02
5.943510310336247437e-02
6.518510310336245173e-02
1.449351031033624393e-01
1.199351031033624587e-01
2.218510310336248292e-02
-8.956489689663751919e-02
1.451851031033624673e-01
1.166851031033624558e-01
8.843510310336247238e-02
9.018510310336247393e-02
6.993510310336245595e-02
1.374351031033624881e-01
1.409351031033624635e-01
6.993510310336246982e-02
1.696851031033624335e-01
1.874351031033624770e-01
1.054351031033624597e-01
9.293510310336247637e-02
4.793510310336245722e-02
3.918510310336244945e-02
1.121851031033624657e-01
1.209351031033624735e-01
-1.981489689663752662e-02
4.793510310336245028e-02
1.226851031033624612e-01
1.668510310336247110e-02
5.318510310336246188e-02
8.193510310336245273e-02
1.204351031033624730e-01
8.918510310336244529e-02
2.868510310336246094e-02
-9.906489689663752762e-02
-4.814896896637541057e-03
5.935103103362454613e-03
9.185103103362457500e-03
8.018510310336246505e-02
8.435103103362470711e-03
-9.064896896637544832e-03
5.935103103362468491e-03
1.106851031033624644e-01
2.949351031033624615e-01
2.586851031033624571e-01
4.193510310336245883e-02
6.918510310336245528e-02
1.201851031033624451e-01
3.018510310336249003e-02
9.743510310336246649e-02
8.993510310336247371e-02
6.918510310336246916e-02
3.543510310336246694e-02
4.068510310336247160e-02
5.843510310336245961e-02
1.046851031033624729e-01
-3.281489689663753817e-02
-5.181489689663755505e-02
-1.831489689663754611e-02
1.104351031033624503e-01
5.418510310336246971e-02
1.291851031033624531e-01
6.793510310336245417e-02
8.293510310336246749e-02
1.389351031033624895e-01
1.236851031033624621e-01
7.043510310336248414e-02
2.679351031033624375e-01
2.636851031033624615e-01
3.244351031033624877e-01
2.076851031033624673e-01
2.666851031033624642e-01
1.519351031033624455e-01
1.224351031033624748e-01
1.651851031033624850e-01
1.001851031033624551e-01
2.109351031033624979e-01
2.099351031033624970e-01
2.379351031033624386e-01
2.779351031033624464e-01
1.576851031033624784e-01
1.826851031033624451e-01
2.061851031033624659e-01
9.618510310336246538e-02
1.084351031033624624e-01
1.029351031033624575e-01
9.443510310336244995e-02
1.441851031033624664e-01
1.734351031033624646e-01
2.246851031033624546e-01
3.046851031033624979e-01
2.366851031033624653e-01
-6.564896896637528734e-03
2.314351031033624329e-01
1.936851031033624548e-01
1.068510310336247271e-02
7.593510310336246127e-02
7.068510310336245661e-02
2.643510310336244507e-02
1.576851031033624784e-01
1.329351031033624564e-01
1.421851031033624646e-01
2.114351031033624706e-01
2.124351031033624992e-01
8.093510310336246572e-02
-3.406489689663753928e-02
-1.433148968966375114e-01
-2.881489689663754156e-02
-1.356489689663754883e-02
-3.281489689663753817e-02
-3.156489689663752318e-02
7.935103103362449450e-03
1.036851031033624582e-01
1.021851031033624568e-01
1.599351031033624526e-01
2.424351031033624704e-01
-1.048148968966375605e-01
-1.906489689663753984e-02
-3.606489689663751330e-02
1.441851031033624664e-01
8.918510310336247304e-02
8.493510310336246927e-02
9.468510310336246405e-02
1.416851031033624642e-01
1.921851031033624535e-01
2.001851031033624606e-01
2.501851031033625050e-01
3.971851031033625246e-01
1.591851031033624519e-01
2.099351031033624693e-01
1.134351031033624668e-01
2.379351031033624664e-01
1.566851031033624775e-01
1.501851031033624717e-01
2.571851031033625112e-01
2.771851031033624735e-01
2.869351031033624544e-01
2.741851031033624708e-01
3.016851031033624952e-01
2.994351031033624655e-01
2.489351031033624484e-01
3.999351031033624992e-01
1.319351031033624555e-01
1.471851031033624690e-01
2.544351031033624810e-01
1.771851031033624679e-01
1.531851031033624744e-01
2.194351031033624499e-01
1.764351031033624673e-01
2.954351031033624619e-01
2.496851031033624491e-01
1.251851031033624495e-01
1.514351031033624451e-01
1.529351031033624464e-01
5.293510310336245472e-02
3.618510310336246066e-02
1.406851031033624633e-01
1.079351031033624481e-01
4.068510310336247160e-02
1.119351031033624655e-01
1.479351031033624697e-01
1.016851031033624703e-01
1.604351031033624531e-01
3.893510310336245617e-02
-1.020648968966375580e-01
7.568510310336246105e-02
1.696851031033624613e-01
-2.581489689663753195e-02
6.168510310336245556e-02
1.841851031033624742e-01
1.996851031033624602e-01
2.134351031033624724e-01
2.181851031033624766e-01
1.701851031033624895e-01
2.244351031033624544e-01
2.854351031033625086e-01
1.526851031033624739e-01
5.168510310336244667e-02
4.134351031033624557e-01
1.156851031033624688e-01
4.868510310336246483e-02
1.184351031033624713e-01
1.459351031033624402e-01
1.921851031033624535e-01
1.774351031033624682e-01
1.811851031033624437e-01
2.681851031033624655e-01
1.064351031033624606e-01
1.536851031033624748e-01
9.935103103362458166e-03
1.141851031033624536e-01
8.543510310336246971e-02
1.036851031033624720e-01
1.409351031033624913e-01
1.569351031033624499e-01
2.461851031033624737e-01
2.301851031033624595e-01
2.059351031033624657e-01
3.249351031033624881e-01
2.376851031033624662e-01
2.841851031033624797e-01
1.484351031033624424e-01
2.624351031033624326e-01
9.668510310336245195e-02
1.964351031033624295e-01
2.479351031033624475e-01
2.896851031033624846e-01
3.324351031033624393e-01
3.576851031033624895e-01
4.029351031033624464e-01
4.166851031033624864e-01
3.796851031033624535e-01
2.639351031033624340e-01
3.311851031033624659e-01
3.454351031033624508e-01
2.986851031033624371e-01
3.306851031033624655e-01
2.484351031033624757e-01
2.501851031033624495e-01
2.806851031033624766e-01
3.251851031033624606e-01
3.779351031033624797e-01
4.546851031033624646e-01
3.831851031033624566e-01
1.354351031033624586e-01
2.766851031033624730e-01
2.811851031033624770e-01
1.619351031033624544e-01
2.799351031033625037e-01
3.101851031033624473e-01
3.081851031033624455e-01
3.091851031033624464e-01
3.321851031033624668e-01
3.166851031033624531e-01
2.576851031033624562e-01
3.389351031033625006e-01
5.629351031033624775e-01
2.539351031033624806e-01
3.549351031033625148e-01
2.614351031033624873e-01
4.009351031033624446e-01
3.574351031033624615e-01
3.661851031033624970e-01
4.211851031033624904e-01
3.801851031033624539e-01
3.981851031033624144e-01
3.754351031033624775e-01
3.691851031033624997e-01
6.139351031033625228e-01
3.514351031033624562e-01
4.579351031033624397e-01
3.276851031033624628e-01
4.506851031033624611e-01
4.156851031033624300e-01
4.659351031033624468e-01
4.919351031033624699e-01
4.146851031033624291e-01
3.289351031033624917e-01
5.716851031033625130e-01
4.629351031033624442e-01
5.294351031033623922e-01
5.659351031033624801e-01
3.914351031033624917e-01
3.659351031033624690e-01
3.864351031033624873e-01
4.216851031033624908e-01
4.264351031033624673e-01
3.664351031033624140e-01
3.406851031033624744e-01
3.376851031033624717e-01
4.084351031033624513e-01
3.811851031033624548e-01
4.201851031033624340e-01
3.094351031033624744e-01
3.934351031033624380e-01
2.596851031033624579e-01
3.996851031033624713e-01
3.944351031033624944e-01
3.131851031033624499e-01
3.659351031033624690e-01
3.671851031033624424e-01
3.484351031033624535e-01
5.306851031033624766e-01
4.474351031033624304e-01
5.346851031033624801e-01
5.809351031033624935e-01
5.261851031033624171e-01
4.931851031033624433e-01
4.609351031033624424e-01
4.609351031033624424e-01
4.514351031033624340e-01
5.359351031033624535e-01
5.186851031033623549e-01
5.626851031033623940e-01
5.809351031033624935e-01
4.354351031033624753e-01
4.411851031033624526e-01
4.684351031033625046e-01
3.649351031033624682e-01
4.124351031033624548e-01
5.346851031033624801e-01
3.871851031033625157e-01
4.056851031033624766e-01
3.859351031033624868e-01
6.301851031033625095e-01
5.354351031033623975e-01
5.651851031033624517e-01
4.146851031033624846e-01
2.421851031033624702e-01
4.559351031033624380e-01
3.469351031033624522e-01
3.226851031033624584e-01
4.731851031033624810e-01
2.824351031033625059e-01
1.609351031033624535e-01
2.949351031033624615e-01
2.891851031033624841e-01
3.459351031033625068e-01
3.649351031033624126e-01
2.876851031033624828e-01
5.693510310336246522e-02
2.576851031033624562e-01
2.516851031033624508e-01
3.179351031033624264e-01
3.874351031033624881e-01
2.711851031033624682e-01
2.746851031033624713e-01
2.744351031033624988e-01
2.251851031033624551e-01
2.381851031033624944e-01
3.504351031033624553e-01
3.399351031033624460e-01
1.366851031033624597e-01
3.594351031033624633e-01
2.051851031033624650e-01
1.881851031033624499e-01
2.806851031033624766e-01
3.794351031033624255e-01
3.449351031033624504e-01
2.439351031033624717e-01
2.889351031033624562e-01
2.256851031033624833e-01
3.324351031033624393e-01
2.679351031033624375e-01
1.256851031033624499e-01
4.189351031033624606e-01
1.604351031033624531e-01
1.696851031033624613e-01
2.691851031033625219e-01
2.744351031033624988e-01
1.729351031033624642e-01
2.091851031033624686e-01
2.484351031033624480e-01
2.061851031033624659e-01
2.744351031033624433e-01
2.219351031033624522e-01
1.304351031033624542e-01
1.201851031033624728e-01
7.818510310336246327e-02
1.959351031033624846e-01
1.541851031033624753e-01
2.309351031033624602e-01
2.124351031033624715e-01
2.484351031033624757e-01
1.899351031033624793e-01
1.926851031033624539e-01
1.929351031033624542e-01
2.918510310336245445e-02
1.089351031033624628e-01
1.685103103362457777e-03
-7.131489689663754461e-02
1.336851031033624571e-01
2.039351031033624639e-01
3.281851031033624633e-01
3.681851031033624433e-01
3.484351031033624535e-01
3.991851031033624708e-01
3.916851031033624642e-01
3.899351031033624904e-01
2.384351031033624668e-01
4.046851031033624757e-01
3.546851031033624313e-01
3.109351031033624757e-01
2.059351031033624657e-01
3.389351031033624451e-01
3.524351031033624571e-01
3.456851031033624233e-01
3.941851031033624664e-01
3.989351031033624428e-01
4.184351031033624602e-01
3.646851031033624402e-01
2.221851031033624801e-01
3.509351031033624557e-01
4.034351031033625024e-01
4.796851031033624313e-01
3.961851031033624126e-01
5.116851031033624597e-01
4.521851031033624624e-01
4.606851031033624144e-01
3.999351031033624437e-01
4.181851031033624877e-01
4.216851031033624908e-01
3.951851031033624673e-01
2.674351031033624926e-01
3.796851031033624535e-01
1.789351031033624695e-01
3.054351031033624708e-01
2.619351031033624877e-01
2.901851031033624850e-01
2.369351031033624655e-01
2.771851031033624735e-01
2.161851031033624748e-01
2.694351031033624944e-01
2.801851031033624762e-01
3.404351031033624464e-01
3.689351031033624717e-01
1.934351031033624546e-01
3.689351031033624717e-01
1.906851031033624522e-01
2.318510310336245606e-02
1.269351031033624788e-01
1.246851031033624491e-01
1.866851031033624486e-01
1.649351031033624571e-01
2.721851031033625246e-01
2.209351031033624513e-01
2.296851031033624868e-01
1.424351031033624926e-01
4.618510310336245567e-02
2.139351031033624451e-01
8.318510310336246771e-02
4.118510310336247204e-02
5.643510310336244395e-02
7.118510310336245706e-02
1.554351031033624486e-01
1.804351031033624708e-01
1.594351031033624522e-01
1.161851031033624831e-01
1.409351031033624635e-01
1.184351031033624713e-01
1.389351031033624617e-01
1.791851031033624697e-01
1.846851031033624468e-01
1.696851031033624613e-01
2.294351031033624588e-01
3.216851031033625130e-01
3.851851031033625139e-01
3.241851031033624597e-01
3.634351031033624668e-01
3.511851031033624837e-01
2.841851031033624797e-01
3.411851031033624748e-01
4.176851031033624873e-01
5.276851031033624739e-01
4.561851031033624659e-01
3.564351031033624606e-01
3.406851031033624744e-01
3.829351031033624841e-01
3.644351031033624677e-01
3.704351031033624730e-01
3.701851031033624451e-01
3.239351031033624873e-01
3.506851031033624833e-01
3.681851031033624433e-01
3.984351031033624424e-01
4.884351031033625223e-01
4.014351031033624451e-01
4.221851031033624357e-01
3.956851031033624677e-01
3.509351031033624557e-01
3.659351031033624690e-01
3.771851031033625068e-01
3.431851031033624766e-01
3.359351031033624424e-01
3.186851031033624548e-01
2.501851031033625050e-01
2.919351031033624588e-01
3.241851031033624597e-01
4.371851031033624491e-01
1.361851031033624593e-01
2.439351031033624440e-01
2.599351031033624304e-01
3.406851031033624744e-01
3.271851031033624624e-01
3.676851031033624428e-01
3.779351031033624797e-01
3.281851031033624633e-01
2.151851031033624739e-01
4.599351031033624415e-01
3.561851031033624881e-01
4.791851031033624864e-01
2.911851031033624304e-01
3.716851031033625019e-01
3.959351031033624957e-01
4.094351031033624522e-01
3.499351031033624548e-01
3.661851031033624415e-01
3.469351031033624522e-01
3.124351031033624215e-01
3.004351031033624109e-01
2.849351031033624526e-01
3.809351031033624824e-01
4.684351031033625046e-01
4.046851031033624757e-01
3.784351031033624801e-01
3.251851031033624606e-01
3.429351031033624486e-01
3.479351031033624531e-01
3.316851031033624664e-01
3.499351031033625103e-01
3.701851031033624451e-01
3.604351031033624642e-01
2.846851031033624801e-01
3.221851031033624579e-01
4.914351031033624695e-01
2.331851031033624622e-01
2.969351031033624633e-01
2.761851031033624726e-01
3.276851031033624628e-01
4.096851031033624801e-01
4.586851031033624126e-01
4.484351031033624313e-01
4.859351031033625201e-01
4.574351031033624393e-01
3.294351031033624366e-01
2.651851031033624628e-01
2.744351031033624988e-01
9.568510310336246494e-02
9.143510310336244729e-02
1.689351031033624606e-01
2.544351031033624810e-01
2.646851031033624624e-01
2.074351031033624393e-01
1.711851031033624904e-01
1.601851031033624251e-01
1.611851031033624815e-01
8.218510310336246683e-02
2.274351031033624571e-01
1.264351031033624506e-01
1.336851031033624571e-01
6.018510310336246116e-02
1.736851031033624371e-01
2.534351031033624801e-01
2.131851031033624722e-01
2.081851031033624677e-01
1.871851031033624768e-01
2.361851031033624926e-01
1.986851031033624593e-01
2.134351031033625001e-01
2.096851031033624690e-01
2.266851031033624564e-01
2.444351031033624722e-01
2.096851031033624690e-01
2.091851031033624686e-01
3.289351031033624917e-01
3.341851031033624686e-01
3.116851031033625041e-01
2.816851031033624775e-01
2.416851031033624697e-01
2.699351031033624393e-01
2.279351031033624575e-01
1.609351031033624535e-01
1.311851031033624548e-01
3.164351031033624806e-01
2.546851031033624535e-01
3.884351031033624890e-01
2.869351031033624544e-01
3.366851031033624708e-01
2.851851031033624806e-01
2.754351031033624997e-01
3.449351031033625059e-01
2.939351031033624606e-01
2.469351031033624466e-01
1.254351031033624775e-01
1.354351031033624864e-01
3.969351031033624966e-01
2.216851031033624519e-01
2.351851031033624917e-01
2.419351031033624699e-01
2.584351031033624846e-01
2.791851031033624753e-01
2.364351031033624650e-01
3.724351031033624748e-01
2.856851031033624255e-01
2.489351031033624762e-01
1.649351031033624571e-01
1.851851031033624473e-01
3.844351031033624855e-01
3.979351031033624420e-01
4.089351031033624517e-01
3.544351031033624588e-01
3.114351031033624762e-01
3.431851031033624766e-01
3.121851031033624491e-01
3.881851031033624611e-01
4.196851031033624890e-01
4.564351031033624384e-01
3.651851031033624961e-01
4.064351031033624495e-01
3.109351031033624757e-01
4.069351031033625055e-01
3.584351031033624624e-01
3.306851031033624655e-01
2.996851031033624380e-01
2.899351031033624571e-01
3.604351031033624642e-01
3.254351031033624331e-01
3.399351031033624460e-01
2.796851031033624757e-01
2.926851031033624873e-01
1.991851031033624597e-01
1.666851031033624864e-01
2.056851031033624655e-01
2.036851031033624360e-01
1.919351031033624810e-01
2.551851031033624539e-01
2.111851031033624704e-01
2.936851031033624881e-01
2.411851031033624693e-01
2.921851031033624868e-01
1.811851031033624715e-01
7.043510310336245639e-02
1.074351031033624754e-01
2.304351031033624597e-01
2.906851031033624855e-01
3.009351031033624668e-01
3.066851031033624442e-01
3.081851031033624455e-01
3.801851031033624539e-01
2.964351031033624628e-01
3.384351031033624446e-01
3.306851031033624655e-01
4.514351031033624895e-01
4.089351031033624517e-01
4.939351031033624717e-01
5.146851031033624624e-01
4.894351031033624677e-01
4.409351031033624801e-01
4.546851031033624646e-01
3.861851031033625148e-01
4.031851031033624744e-01
3.484351031033624535e-01
3.659351031033624690e-01
3.111851031033624482e-01
3.251851031033624606e-01
1.826851031033624451e-01
1.386851031033624615e-01
2.786851031033624748e-01
2.891851031033624286e-01
3.066851031033624997e-01
3.149351031033624793e-01
3.124351031033624770e-01
3.596851031033624357e-01
2.999351031033624659e-01
2.539351031033624251e-01
2.441851031033624719e-01
1.799351031033624704e-01
2.936851031033624881e-01
2.529351031033624797e-01
3.301851031033624650e-01
2.949351031033624615e-01
3.436851031033624770e-01
2.966851031033624908e-01
2.854351031033624531e-01
2.489351031033624484e-01
2.661851031033624637e-01
1.944351031033624833e-01
1.269351031033624511e-01
1.436851031033624659e-01
2.481851031033624755e-01
1.764351031033624673e-01
1.101851031033624639e-01
2.471851031033624468e-01
1.656851031033624577e-01
1.864351031033624762e-01
2.486851031033624759e-01
1.714351031033624628e-01
2.511851031033625059e-01
1.061851031033624604e-01
2.136851031033624726e-01
2.949351031033624615e-01
3.776851031033624517e-01
4.289351031033624140e-01
4.009351031033624446e-01
4.551851031033624650e-01
4.229351031033624642e-01
4.596851031033624690e-01
4.026851031033624739e-01
3.776851031033625072e-01
3.831851031033624566e-01
3.106851031033624477e-01
4.521851031033624624e-01
3.604351031033624642e-01
4.291851031033624975e-01
4.379351031033624775e-01
4.801851031033624873e-01
4.311851031033624992e-01
4.281851031033624411e-01
3.706851031033624455e-01
3.839351031033624850e-01
2.826851031033624784e-01
3.584351031033624624e-01
3.136851031033624504e-01
4.619351031033624988e-01
3.511851031033624837e-01
3.936851031033624659e-01
2.901851031033624295e-01
4.559351031033624935e-01
4.106851031033624255e-01
3.759351031033624779e-01
4.094351031033625077e-01
4.066851031033624775e-01
4.024351031033624460e-01
4.756851031033624833e-01
4.839351031033624628e-01
5.271851031033624180e-01
6.656851031033624855e-01
5.274351031033625015e-01
5.486851031033624926e-01
5.251851031033625272e-01
5.514351031033624118e-01
5.271851031033625290e-01
4.794351031033624033e-01
4.674351031033624482e-01
4.806851031033624322e-01
4.851851031033624917e-01
4.686851031033624215e-01
5.706851031033624011e-01
5.611851031033624482e-01
7.294351031033623478e-01
6.556851031033625876e-01
6.494351031033624988e-01
5.694351031033624277e-01
5.409351031033624579e-01
5.529351031033624686e-01
5.464351031033624073e-01
5.461851031033624349e-01
4.844351031033624633e-01
4.276851031033624961e-01
5.324351031033625059e-01
6.601851031033624251e-01
4.861851031033624926e-01
5.054351031033624819e-01
4.074351031033624504e-01
4.774351031033624571e-01
4.769351031033624011e-01
4.329351031033624730e-01
4.646851031033624735e-01
4.541851031033624642e-01
4.626851031033624717e-01
4.316851031033624997e-01
4.416851031033624531e-01
6.746851031033624935e-01
6.824351031033624171e-01
6.534351031033625024e-01
5.596851031033625024e-01
5.151851031033625183e-01
5.476851031033624917e-01
4.969351031033624744e-01
5.129351031033624331e-01
5.481851031033624366e-01
5.814351031033624384e-01
4.754351031033623998e-01
6.101851031033624917e-01
5.559351031033623602e-01
6.106851031033624366e-01
4.879351031033625219e-01
5.554351031033624153e-01
4.291851031033624975e-01
5.741851031033624597e-01
4.164351031033624584e-01
4.076851031033625339e-01
5.054351031033624819e-01
5.186851031033624659e-01
4.094351031033624522e-01
3.814351031033624828e-01
2.441851031033624442e-01
5.046851031033624535e-01
3.319351031033624388e-01
4.529351031033624908e-01
3.736851031033625037e-01
4.841851031033624908e-01
3.799351031033624815e-01
3.761851031033625059e-01
4.574351031033624948e-01
4.329351031033624730e-01
4.194351031033624611e-01
3.734351031033624757e-01
3.966851031033624686e-01
5.311851031033625326e-01
4.984351031033624757e-01
4.959351031033624735e-01
4.826851031033624340e-01
4.761851031033624837e-01
4.474351031033624859e-01
3.936851031033624659e-01
4.429351031033624819e-01
4.136851031033624837e-01
4.534351031033624357e-01
3.941851031033624664e-01
4.269351031033624677e-01
5.606851031033623922e-01
6.994351031033625432e-01
4.976851031033624473e-01
5.226851031033624695e-01
5.489351031033624650e-01
5.391851031033624286e-01
6.256851031033625610e-01
5.819351031033623833e-01
5.874351031033624437e-01
5.671851031033624535e-01
5.409351031033624579e-01
6.721851031033624357e-01
7.591851031033625130e-01
6.881851031033625610e-01
6.664351031033624029e-01
6.466851031033624686e-01
6.284351031033624801e-01
6.584351031033623958e-01
6.241851031033625041e-01
5.916851031033625308e-01
6.284351031033624801e-01
5.921851031033624757e-01
4.794351031033624588e-01
6.166851031033624420e-01
5.086851031033625681e-01
6.211851031033625015e-01
6.269351031033624233e-01
5.684351031033624269e-01
5.399351031033625681e-01
5.406851031033624855e-01
6.006851031033624277e-01
6.119351031033624100e-01
6.079351031033624064e-01
5.956851031033625343e-01
4.579351031033623842e-01
6.279351031033624242e-01
5.774351031033624349e-01
6.594351031033625077e-01
9.099351031033625636e-01
7.561851031033623993e-01
6.564351031033623940e-01
6.299351031033624260e-01
6.641851031033625397e-01
6.374351031033624881e-01
6.039351031033624029e-01
7.001851031033625716e-01
6.661851031033624304e-01
6.626851031033624828e-01
6.946851031033625112e-01
7.319351031033625166e-01
7.391851031033624952e-01
8.081851031033624455e-01
7.069351031033624944e-01
7.361851031033626036e-01
7.501851031033623940e-01
6.681851031033625432e-01
6.304351031033623709e-01
6.279351031033625352e-01
6.291851031033623975e-01
5.931851031033623656e-01
7.384351031033624668e-01
7.251851031033624828e-01
6.786851031033624970e-01
6.129351031033625219e-01
5.961851031033624793e-01
6.114351031033624650e-01
4.759351031033624557e-01
4.746851031033624824e-01
4.206851031033624344e-01
4.041851031033624753e-01
3.896851031033624624e-01
5.231851031033625254e-01
6.979351031033624864e-01
6.684351031033624047e-01
6.841851031033624464e-01
5.581851031033624455e-01
5.996851031033625379e-01
5.784351031033624357e-01
5.034351031033624801e-01
4.614351031033624428e-01
4.246851031033624935e-01
4.789351031033625139e-01
3.731851031033624477e-01
5.156851031033624633e-01
5.801851031033624650e-01
4.331851031033625010e-01
6.381851031033625166e-01
6.194351031033624722e-01
6.391851031033624064e-01
6.481851031033625254e-01
5.746851031033624047e-01
5.329351031033624508e-01
5.621851031033624491e-01
6.736851031033624926e-01
6.299351031033624260e-01
6.039351031033624029e-01
7.506851031033624499e-01
8.444351031033625610e-01
7.051851031033624650e-01
7.274351031033625681e-01
6.119351031033624100e-01
7.371851031033624935e-01
7.151851031033624739e-01
7.084351031033624402e-01
6.574351031033625059e-01
7.356851031033624366e-01
7.426851031033625539e-01
5.881851031033624722e-01
6.079351031033624064e-01
8.434351031033624491e-01
6.611851031033624260e-01
6.129351031033625219e-01
6.221851031033625024e-01
6.151851031033624961e-01
6.741851031033624375e-01
6.784351031033624135e-01
5.629351031033624775e-01
5.811851031033624659e-01
6.361851031033625148e-01
6.329351031033625397e-01
5.936851031033624215e-01
7.154351031033625574e-01
7.356851031033624366e-01
6.776851031033624961e-01
6.559351031033624491e-01
7.686851031033624659e-01
7.371851031033624935e-01
8.049351031033624704e-01
7.896851031033624846e-01
8.341851031033624686e-01
8.574351031033624615e-01
8.379351031033623887e-01
8.096851031033623913e-01
1.037435103103362399e+00
9.186851031033624881e-01
9.419351031033624810e-01
9.071851031033624224e-01
9.754351031033624553e-01
9.439351031033624828e-01
9.376851031033625050e-01
7.959351031033623514e-01
8.094351031033624189e-01
7.744351031033624988e-01
8.759351031033625334e-01
7.924351031033625148e-01
1.022935103103362442e+00
7.149351031033626125e-01
7.701851031033625228e-01
7.261851031033625947e-01
7.784351031033625024e-01
7.549351031033625370e-01
7.131851031033624722e-01
6.881851031033624499e-01
6.666851031033624864e-01
6.699351031033624615e-01
7.849351031033624526e-01
6.461851031033624126e-01
8.666851031033625530e-01
7.589351031033624295e-01
8.179351031033624819e-01
6.509351031033625556e-01
6.801851031033625539e-01
6.804351031033624153e-01
7.086851031033625237e-01
6.996851031033625157e-01
6.074351031033624615e-01
6.054351031033624597e-01
6.096851031033624357e-01
6.989351031033623762e-01
7.611851031033625148e-01
8.901851031033625183e-01
8.519351031033624011e-01
7.946851031033624890e-01
7.889351031033624562e-01
8.174351031033625370e-01
8.394351031033624455e-01
7.989351031033624650e-01
7.504351031033624775e-01
9.181851031033624322e-01
7.761851031033624171e-01
9.521851031033624624e-01
9.759351031033624002e-01
1.058185103103362446e+00
8.529351031033625130e-01
8.644351031033625787e-01
8.506851031033624277e-01
9.084351031033623958e-01
8.421851031033624757e-01
8.421851031033624757e-01
8.194351031033624277e-01
9.056851031033624766e-01
7.771851031033625290e-01
1.024185103103362415e+00
9.199351031033625725e-01
9.399351031033624793e-01
8.551851031033623762e-01
8.961851031033625237e-01
8.254351031033624331e-01
8.781851031033623967e-01
9.229351031033625752e-01
9.434351031033625379e-01
9.801851031033625983e-01
8.666851031033624420e-01
9.429351031033624819e-01
9.389351031033624784e-01
9.776851031033624295e-01
9.266851031033624952e-01
8.796851031033624535e-01
7.746851031033624713e-01
7.336851031033624349e-01
7.549351031033624260e-01
8.409351031033623913e-01
8.621851031033623824e-01
9.234351031033624091e-01
9.714351031033625627e-01
8.434351031033624491e-01
9.439351031033624828e-01
8.864351031033624873e-01
9.821851031033623780e-01
9.776851031033624295e-01
8.659351031033624135e-01
8.881851031033625166e-01
8.394351031033624455e-01
8.906851031033624633e-01
9.386851031033623949e-01
9.861851031033624926e-01
1.021935103103362330e+00
8.884351031033624890e-01
8.664351031033623585e-01
9.699351031033625059e-01
9.306851031033624988e-01
8.529351031033625130e-01
8.419351031033625032e-01
9.321851031033625556e-01
8.816851031033625663e-01
9.469351031033624855e-01
9.359351031033624757e-01
9.871851031033624935e-01
9.776851031033624295e-01
1.052435103103362524e+00
1.131935103103362428e+00
9.941851031033624997e-01
9.334351031033625290e-01
9.629351031033623887e-01
8.639351031033624118e-01
8.731851031033623922e-01
8.699351031033624171e-01
9.004351031033623887e-01
8.844351031033623745e-01
8.999351031033624437e-01
8.856851031033623478e-01
8.391851031033624730e-01
7.449351031033624171e-01
7.301851031033624873e-01
9.939351031033625272e-01
8.356851031033625254e-01
8.291851031033624642e-01
8.084351031033625290e-01
8.829351031033625397e-01
8.464351031033625627e-01
8.621851031033624935e-01
9.394351031033624233e-01
9.344351031033624189e-01
8.111851031033623372e-01
8.284351031033625468e-01
8.001851031033625494e-01
8.706851031033624455e-01
8.841851031033625130e-01
8.454351031033624508e-01
9.249351031033624659e-01
9.641851031033623620e-01
9.404351031033624242e-01
9.784351031033624579e-01
9.451851031033625672e-01
9.969351031033624189e-01
9.149351031033625681e-01
9.931851031033624988e-01
1.010685103103362570e+00
1.066185103103362453e+00
1.078435103103362547e+00
1.015685103103362463e+00
9.846851031033625468e-01
1.002685103103362341e+00
9.659351031033625024e-01
9.301851031033623318e-01
9.454351031033625397e-01
1.049685103103362493e+00
8.084351031033625290e-01
8.386851031033624171e-01
8.454351031033624508e-01
9.616851031033624153e-01
9.681851031033623656e-01
8.699351031033625281e-01
9.314351031033625272e-01
9.491851031033624597e-01
9.546851031033625201e-01
8.866851031033625707e-01
9.224351031033624082e-01
8.801851031033625095e-01
8.111851031033624482e-01
7.484351031033624757e-01
7.529351031033624242e-01
8.221851031033625690e-01
9.821851031033626001e-01
9.601851031033624695e-01
9.644351031033624455e-01
9.479351031033624864e-01
9.814351031033624606e-01
9.626851031033625272e-01
9.966851031033625574e-01
9.839351031033625183e-01
7.839351031033624517e-01
8.759351031033624224e-01
8.714351031033624739e-01
8.856851031033625699e-01
9.001851031033625272e-01
9.616851031033624153e-01
9.466851031033624020e-01
9.209351031033625734e-01
9.614351031033624428e-01
9.966851031033624464e-01
9.864351031033624650e-01
1.098185103103362481e+00
9.141851031033625397e-01
9.831851031033624899e-01
8.126851031033623940e-01
1.009435103103362596e+00
1.022935103103362442e+00
1.028685103103362586e+00
1.018685103103362355e+00
9.436851031033623993e-01
1.074685103103362627e+00
1.078935103103362270e+00
1.048685103103362382e+00
9.866851031033625485e-01
1.051185103103362550e+00
1.097685103103362314e+00
1.057435103103362417e+00
1.137435103103362488e+00
1.084435103103362330e+00
1.129435103103362481e+00
1.101185103103362373e+00
1.050185103103362660e+00
1.137685103103362572e+00
1.190435103103362646e+00
1.257435103103362373e+00
1.209685103103362636e+00
1.340435103103362557e+00
1.341185103103362586e+00
1.456685103103362522e+00
1.474935103103362621e+00
1.296935103103362463e+00
1.150435103103362389e+00
1.144185103103362522e+00
1.133935103103362430e+00
1.217935103103362504e+00
1.166185103103362541e+00
1.166185103103362541e+00
1.142185103103362520e+00
1.181685103103362389e+00
1.285185103103362536e+00
1.398935103103362554e+00
1.423685103103362604e+00
1.239685103103362440e+00
1.149685103103362360e+00
1.071185103103362346e+00
1.118935103103362527e+00
1.195935103103362485e+00
1.085685103103362525e+00
1.089685103103362529e+00
1.092685103103362421e+00
1.106685103103362433e+00
1.094435103103362561e+00
1.135685103103362348e+00
1.190435103103362646e+00
1.136435103103362376e+00
1.082185103103362467e+00
1.035685103103362481e+00
1.074685103103362405e+00
1.075435103103362433e+00
1.056435103103362527e+00
1.181435103103362527e+00
1.082685103103362412e+00
1.157185103103362422e+00
