-2.665741531746145931e-03
-2.655652172817109680e-03
-2.645562813888073864e-03
-2.635473454959038481e-03
-2.625384096030002230e-03
-2.615294737100966414e-03
-2.605205378171930597e-03
-2.597177458432453883e-03
-2.589149538692988011e-03
-2.581121618953522139e-03
-2.573093699214056267e-03
-2.565065779474590395e-03
-2.557037859735124524e-03
-2.549009939995658652e-03
-2.540982020256193213e-03
-2.532954100516727342e-03
-2.524926180777261470e-03
-2.516898261037796031e-03
-2.508870341298330160e-03
-2.496218165229816509e-03
-2.483565989161226964e-03
-2.470913813092637853e-03
-2.458261637024048308e-03
-2.445609460955459197e-03
-2.432957284886870086e-03
-2.420305108818280541e-03
-2.407652932749691430e-03
-2.395000756681101885e-03
-2.382348580612512340e-03
-2.369696404543923229e-03
-2.357044228475333684e-03
-2.346989028736473117e-03
-2.336933828997684107e-03
-2.326878629258894229e-03
-2.316823429520104786e-03
-2.306768229781314909e-03
-2.296713030042525465e-03
-2.286657830303735588e-03
-2.276602630564946144e-03
-2.266547430826156700e-03
-2.256492231087366823e-03
-2.246437031348577380e-03
-2.236381831609787502e-03
-2.234602156166391046e-03
-2.232822480723310743e-03
-2.231042805280230440e-03
-2.229263129837149703e-03
-2.227483454394069400e-03
-2.225703778950989097e-03
-2.223924103507908361e-03
-2.222144428064828058e-03
-2.220364752621747755e-03
-2.218585077178667452e-03
-2.216805401735586715e-03
-2.215025726292506412e-03
-2.213511173248079982e-03
-2.211996620203666997e-03
-2.210482067159253577e-03
-2.208967514114840592e-03
-2.207452961070427173e-03
-2.205938408026014187e-03
-2.204423854981600768e-03
-2.202909301937187349e-03
-2.201394748892773930e-03
-2.199880195848360944e-03
-2.198365642803947525e-03
-2.196851089759534539e-03
-2.195544778409811663e-03
-2.194238467060100929e-03
-2.192932155710390629e-03
-2.191625844360680329e-03
-2.190319533010969596e-03
-2.189013221661258862e-03
-2.187706910311548562e-03
-2.186400598961837829e-03
-2.185094287612127529e-03
-2.183787976262417229e-03
-2.182481664912706495e-03
-2.181175353562996196e-03
-2.180032712138605180e-03
-2.178890070714225441e-03
-2.177747429289846135e-03
-2.176604787865466396e-03
-2.175462146441087090e-03
-2.174319505016707350e-03
-2.173176863592327611e-03
-2.172034222167948305e-03
-2.170891580743568999e-03
-2.169748939319189260e-03
-2.168606297894809954e-03
-2.167463656470430215e-03
-2.159523317530609877e-03
-2.151582978590232259e-03
-2.143642639649855075e-03
-2.135702300709478325e-03
-2.127761961769101141e-03
-2.119821622828723523e-03
-2.111881283888346773e-03
-2.103940944947969589e-03
-2.096000606007591971e-03
-2.088060267067215221e-03
-2.080119928126838037e-03
-2.072179589186460853e-03
-2.072057404951207962e-03
-2.071935220716679751e-03
-2.071813036482152409e-03
-2.071690852247624198e-03
-2.071568668013096422e-03
-2.071446483778568645e-03
-2.071324299544040869e-03
-2.071202115309513092e-03
-2.071079931074984882e-03
-2.070957746840457539e-03
-2.070835562605929329e-03
-2.070713378371401552e-03
-2.076737973146542890e-03
-2.082762567922321305e-03
-2.088787162698100153e-03
-2.094811757473878135e-03
-2.100836352249656983e-03
-2.106860947025435398e-03
-2.112885541801213813e-03
-2.118910136576992228e-03
-2.124934731352770643e-03
-2.130959326128549058e-03
-2.136983920904327906e-03
-2.143008515680106321e-03
-2.147630136355195996e-03
-2.152251757030124776e-03
-2.156873377705053989e-03
-2.161494998379983202e-03
-2.166116619054912415e-03
-2.170738239729841628e-03
-2.175359860404770408e-03
-2.179981481079699621e-03
-2.184603101754628400e-03
-2.189224722429557613e-03
-2.193846343104486826e-03
-2.198467963779415606e-03
-2.201990677857985045e-03
-2.205513391936416573e-03
-2.209036106014847668e-03
-2.212558820093279196e-03
-2.216081534171710724e-03
-2.219604248250141819e-03
-2.223126962328573347e-03
-2.226649676407004876e-03
-2.230172390485435970e-03
-2.233695104563867499e-03
-2.237217818642298593e-03
-2.240740532720730122e-03
-2.243402594849266875e-03
-2.246064656977686102e-03
-2.248726719106105328e-03
-2.251388781234524988e-03
-2.254050843362944215e-03
-2.256712905491363441e-03
-2.259374967619782668e-03
-2.262037029748201894e-03
-2.264699091876621554e-03
-2.267361154005041214e-03
-2.270023216133460441e-03
-2.272685278261879667e-03
-2.268433337999656730e-03
-2.264181397736415077e-03
-2.259929457473173857e-03
-2.255677517209932204e-03
-2.251425576946690984e-03
-2.247173636683449331e-03
-2.242921696420207677e-03
-2.238669756156966024e-03
-2.234417815893724804e-03
-2.230165875630483151e-03
-2.225913935367241497e-03
-2.221661995103999844e-03
-2.218212768413068206e-03
-2.214763541722263203e-03
-2.211314315031458633e-03
-2.207865088340653630e-03
-2.204415861649848627e-03
-2.200966634959044058e-03
-2.197517408268239054e-03
-2.194068181577434051e-03
-2.190618954886629482e-03
-2.187169728195824479e-03
-2.183720501505019475e-03
-2.180271274814214906e-03
-2.176765112477745210e-03
-2.173258950141265539e-03
-2.169752787804785869e-03
-2.166246625468306632e-03
-2.162740463131826961e-03
-2.159234300795347724e-03
-2.155728138458868487e-03
-2.152221976122388816e-03
-2.148715813785909146e-03
-2.145209651449429909e-03
-2.141703489112950672e-03
-2.138197326776471001e-03
-2.129091189614810021e-03
-2.119985052452140299e-03
-2.110878915289470577e-03
-2.101772778126800856e-03
-2.092666640964131134e-03
-2.083560503801461412e-03
-2.074454366638792124e-03
-2.065348229476122403e-03
-2.056242092313452681e-03
-2.047135955150783393e-03
-2.038029817988113671e-03
-2.028923680825443950e-03
-2.021649969703134559e-03
-2.014376258581175149e-03
-2.007102547459215739e-03
-1.999828836337255895e-03
-1.992555125215296485e-03
-1.985281414093337075e-03
-1.978007702971377665e-03
-1.970733991849418255e-03
-1.963460280727458412e-03
-1.956186569605499002e-03
-1.948912858483539592e-03
-1.941639147361580182e-03
-1.929561801112015694e-03
-1.917484454861481278e-03
-1.905407108610946863e-03
-1.893329762360412881e-03
-1.881252416109878466e-03
-1.869175069859344051e-03
-1.857097723608809635e-03
-1.845020377358275220e-03
-1.832943031107741021e-03
-1.820865684857206606e-03
-1.808788338606672191e-03
-1.796710992356137775e-03
-1.780850098543111442e-03
-1.764989204729279764e-03
-1.749128310915447869e-03
-1.733267417101616191e-03
-1.717406523287784512e-03
-1.701545629473952617e-03
-1.685684735660120939e-03
-1.669823841846289044e-03
-1.653962948032457365e-03
-1.638102054218625687e-03
-1.622241160404793575e-03
-1.606380266590962114e-03
-1.593775247489778637e-03
-1.581170228389323310e-03
-1.568565209288868634e-03
-1.555960190188413307e-03
-1.543355171087958414e-03
-1.530750151987503522e-03
-1.518145132887048412e-03
-1.505540113786593519e-03
-1.492935094686138409e-03
-1.480330075585683516e-03
-1.467725056485228623e-03
-1.455120037384773296e-03
-1.445066943751723747e-03
-1.435013850119272677e-03
-1.424960756486822041e-03
-1.414907662854370972e-03
-1.404854569221920119e-03
-1.394801475589469483e-03
-1.384748381957018413e-03
-1.374695288324567777e-03
-1.364642194692116707e-03
-1.354589101059666071e-03
-1.344536007427215001e-03
-1.334482913794763932e-03
-1.313263676183723657e-03
-1.292044438569941002e-03
-1.270825200956158564e-03
-1.249605963342376126e-03
-1.228386725728593471e-03
-1.207167488114811033e-03
-1.185948250501028594e-03
-1.164729012887246156e-03
-1.143509775273463501e-03
-1.122290537659681063e-03
-1.101071300045898625e-03
-1.079852062432115969e-03
-1.063008092212683938e-03
-1.046164121994373839e-03
-1.029320151776063957e-03
-1.012476181557754075e-03
-9.956322113394441928e-04
-9.787882411211340939e-04
-9.619442709028242118e-04
-9.451003006845142213e-04
-9.282563304662043392e-04
-9.114123602478942402e-04
-8.945683900295843581e-04
-8.777244198112743676e-04
-8.580696229065245791e-04
-8.384148260010232216e-04
-8.187600290955217557e-04
-7.991052321900201814e-04
-7.794504352845188239e-04
-7.597956383790173580e-04
-7.401408414735160006e-04
-7.204860445680145347e-04
-7.008312476625131772e-04
-6.811764507570117113e-04
-6.615216538515102454e-04
-6.418668569460088879e-04
-6.199903335128069490e-04
-5.981138100789867981e-04
-5.762372866451666471e-04
-5.543607632113464962e-04
-5.324842397775262368e-04
-5.106077163437059774e-04
-4.887311929098858265e-04
-4.668546694760656213e-04
-4.449781460422454703e-04
-4.231016226084252652e-04
-4.012250991746050600e-04
-3.793485757407849090e-04
-3.681920769384008961e-04
-3.570355781391172678e-04
-3.458790793398336936e-04
-3.347225805405501737e-04
-3.235660817412665995e-04
-3.124095829419829711e-04
-3.012530841426994512e-04
-2.900965853434158228e-04
-2.789400865441323029e-04
-2.677835877448487287e-04
-2.566270889455651545e-04
-2.454705901462815804e-04
-2.295686721126293677e-04
-2.136667540775529471e-04
-1.977648360424764994e-04
-1.818629180074000787e-04
-1.659609999723236310e-04
-1.500590819372472104e-04
-1.341571639021707897e-04
-1.182552458670943420e-04
-1.023533278320179078e-04
-8.645140979694147364e-05
-7.054949176186501236e-05
-5.464757372678859850e-05
-4.193234592747015861e-05
-2.921711812914291667e-05
-1.650189033081568489e-05
-3.786662532488448882e-06
8.928565265838782046e-06
2.164379306416602060e-05
3.435902086249325915e-05
4.707424866082048076e-05
5.978947645914772270e-05
7.250470425747496464e-05
8.521993205580219303e-05
9.793515985412942142e-05
1.081523467122040083e-04
1.183695335694743205e-04
1.285867204267446598e-04
1.388039072840149585e-04
1.490210941412852571e-04
1.592382809985555829e-04
1.694554678558258815e-04
1.796726547130962073e-04
1.898898415703665331e-04
2.001070284276368317e-04
2.103242152849071575e-04
2.205414021421774832e-04
2.288001533545312271e-04
2.370589045662330403e-04
2.453176557779348805e-04
2.535764069896366936e-04
2.618351582013385068e-04
2.700939094130403741e-04
2.783526606247421873e-04
2.866114118364440004e-04
2.948701630481458677e-04
3.031289142598476267e-04
3.113876654715494940e-04
3.196464166832513071e-04
3.326095885046081503e-04
3.455727603275824062e-04
3.585359321505566079e-04
3.714991039735308096e-04
3.844622757965050113e-04
3.974254476194791588e-04
4.103886194424534147e-04
4.233517912654276164e-04
4.363149630884018181e-04
4.492781349113760740e-04
4.622413067343502757e-04
4.752044785573244774e-04
4.793929080845144648e-04
4.835813376085920331e-04
4.877697671326696014e-04
4.919581966567472238e-04
4.961466261808247921e-04
5.003350557049024688e-04
5.045234852289800370e-04
5.087119147530576053e-04
5.129003442771352820e-04
5.170887738012128502e-04
5.212772033252904185e-04
5.254656328493679867e-04
5.421637041874679055e-04
5.588617755301415312e-04
5.755598468728152653e-04
5.922579182154888910e-04
6.089559895581625167e-04
6.256540609008362508e-04
6.423521322435098765e-04
6.590502035861835022e-04
6.757482749288571278e-04
6.924463462715308619e-04
7.091444176142044876e-04
7.258424889568782217e-04
7.392176998441047807e-04
7.525929107300801703e-04
7.659681216160556683e-04
7.793433325020311664e-04
7.927185433880065560e-04
8.060937542739819456e-04
8.194689651599575521e-04
8.328441760459329418e-04
8.462193869319083314e-04
8.595945978178837210e-04
8.729698087038593275e-04
8.863450195898347171e-04
9.033553770226345750e-04
9.203657344568430283e-04
9.373760918910513731e-04
9.543864493252598264e-04
9.713968067594681713e-04
9.884071641936764078e-04
1.005417521627884753e-03
1.022427879062093314e-03
1.039438236496301659e-03
1.056448593930510004e-03
1.073458951364718349e-03
1.090469308798926911e-03
1.122827066072220031e-03
1.155184823351626967e-03
1.187542580631033903e-03
1.219900337910441055e-03
1.252258095189847991e-03
1.284615852469254927e-03
1.316973609748662080e-03
1.349331367028069016e-03
1.381689124307475735e-03
1.414046881586882888e-03
1.446404638866290041e-03
1.478762396145696977e-03
1.510724963808935404e-03
1.542687531472012284e-03
1.574650099135088948e-03
1.606612666798165829e-03
1.638575234461242709e-03
1.670537802124319373e-03
1.702500369787396254e-03
1.734462937450472917e-03
1.766425505113549798e-03
1.798388072776626462e-03
1.830350640439703342e-03
1.862313208102780006e-03
1.888431117101549471e-03
1.914549026097863002e-03
1.940666935094176532e-03
1.966784844090490279e-03
1.992902753086803810e-03
2.019020662083117340e-03
2.045138571079431304e-03
2.071256480075744835e-03
2.097374389072058365e-03
2.123492298068371895e-03
2.149610207064685426e-03
2.175728116060998956e-03
2.202820596424509472e-03
2.229913076788439790e-03
2.257005557152370109e-03
2.284098037516300861e-03
2.311190517880231179e-03
2.338282998244161498e-03
2.365375478608091817e-03
2.392467958972022569e-03
2.419560439335952887e-03
2.446652919699883206e-03
2.473745400063813958e-03
2.500837880427744277e-03
2.522472513303913692e-03
2.544107146177670975e-03
2.565741779051428258e-03
2.587376411925185107e-03
2.609011044798942389e-03
2.630645677672699672e-03
2.652280310546457388e-03
2.673914943420214237e-03
2.695549576293971520e-03
2.717184209167728803e-03
2.738818842041485652e-03
2.760453474915242934e-03
2.784049876128529780e-03
2.807646277342705672e-03
2.831242678556880697e-03
2.854839079771056155e-03
2.878435480985231179e-03
2.902031882199407071e-03
2.925628283413582529e-03
2.949224684627757553e-03
2.972821085841933445e-03
2.996417487056108470e-03
3.020013888270283928e-03
3.043610289484458952e-03
3.068762341420047668e-03
3.093914393356356728e-03
3.119066445292666221e-03
3.144218497228976148e-03
3.169370549165285642e-03
3.194522601101595135e-03
3.219674653037905062e-03
3.244826704974214122e-03
3.269978756910523615e-03
3.295130808846833109e-03
3.320282860783143036e-03
3.345434912719452529e-03
3.365584282541178845e-03
3.385733652360530324e-03
3.405883022179881370e-03
3.426032391999232849e-03
3.446181761818584328e-03
3.466331131637935374e-03
3.486480501457286853e-03
3.506629871276638333e-03
3.526779241095989812e-03
3.546928610915340858e-03
3.567077980734692337e-03
3.587227350554043816e-03
3.603454956528357248e-03
3.619682562500766820e-03
3.635910168473176392e-03
3.652137774445585530e-03
3.668365380417994669e-03
3.684592986390404241e-03
3.700820592362813379e-03
3.717048198335222518e-03
3.733275804307632090e-03
3.749503410280041662e-03
3.765731016252450800e-03
3.781958622224859939e-03
3.801351477268635325e-03
3.820744332313982805e-03
3.840137187359330285e-03
3.859530042404677765e-03
3.878922897450025244e-03
3.898315752495372724e-03
3.917708607540719770e-03
3.937101462586067684e-03
3.956494317631414730e-03
3.975887172676761776e-03
3.995280027722109689e-03
4.014672882767456735e-03
4.030324217654147369e-03
4.045975552538938480e-03
4.061626887423729591e-03
4.077278222308520703e-03
4.092929557193312681e-03
4.108580892078103793e-03
4.124232226962894904e-03
4.139883561847686015e-03
4.155534896732477994e-03
4.171186231617269105e-03
4.186837566502061084e-03
4.202488901386852195e-03
4.227686685399916107e-03
4.252884469417930052e-03
4.278082253435943130e-03
4.303280037453956208e-03
4.328477821471970154e-03
4.353675605489983232e-03
4.378873389507997177e-03
4.404071173526010255e-03
4.429268957544023333e-03
4.454466741562036411e-03
4.479664525580050356e-03
4.504862309598063434e-03
4.532025155351821974e-03
4.559188001106621348e-03
4.586350846861419854e-03
4.613513692616219228e-03
4.640676538371017734e-03
4.667839384125817108e-03
4.695002229880615614e-03
4.722165075635414121e-03
4.749327921390213494e-03
4.776490767145012001e-03
4.803653612899811375e-03
4.830816458654609881e-03
4.846372909334311675e-03
4.861929360007743312e-03
4.877485810681174948e-03
4.893042261354606584e-03
4.908598712028038220e-03
4.924155162701469857e-03
4.939711613374901493e-03
4.955268064048333129e-03
4.970824514721764766e-03
4.986380965395196402e-03
5.001937416068628038e-03
5.017493866742059674e-03
5.030173691770734208e-03
5.042853516797824072e-03
5.055533341824914803e-03
5.068213166852003800e-03
5.080892991879093663e-03
5.093572816906183527e-03
5.106252641933273391e-03
5.118932466960363255e-03
5.131612291987452251e-03
5.144292117014542115e-03
5.156971942041631979e-03
5.169651767068721843e-03
5.180075524197260382e-03
5.190499281324530839e-03
5.200923038451802163e-03
5.211346795579072620e-03
5.221770552706342210e-03
5.232194309833613534e-03
5.242618066960883991e-03
5.253041824088155315e-03
5.263465581215425772e-03
5.273889338342695361e-03
5.284313095469965818e-03
5.294736852597237142e-03
5.316557274147710142e-03
5.338377695704712642e-03
5.360198117261716008e-03
5.382018538818718507e-03
5.403838960375721874e-03
5.425659381932724373e-03
5.447479803489727740e-03
5.469300225046731107e-03
5.491120646603733606e-03
5.512941068160736972e-03
5.534761489717739472e-03
5.556581911274742838e-03
5.586686468508476368e-03
5.616791025747046306e-03
5.646895582985615378e-03
5.677000140224186184e-03
5.707104697462756122e-03
5.737209254701326061e-03
5.767313811939896867e-03
5.797418369178466806e-03
5.827522926417036744e-03
5.857627483655607550e-03
5.887732040894176622e-03
5.917836598132746560e-03
5.935750332240851204e-03
5.953664066341703837e-03
5.971577800442557336e-03
5.989491534543409969e-03
6.007405268644263469e-03
6.025319002745116101e-03
6.043232736845970468e-03
6.061146470946823100e-03
6.079060205047676600e-03
6.096973939148529233e-03
6.114887673249382732e-03
6.132801407350235365e-03
6.160546837771865153e-03
6.188292268199449379e-03
6.216037698627033606e-03
6.243783129054618700e-03
6.271528559482202926e-03
6.299273989909787153e-03
6.327019420337372246e-03
6.354764850764956473e-03
6.382510281192541567e-03
6.410255711620125793e-03
6.438001142047709152e-03
6.465746572475294246e-03
6.494309614923244461e-03
6.522872657371696879e-03
6.551435699820150164e-03
6.579998742268603450e-03
6.608561784717056735e-03
6.637124827165510020e-03
6.665687869613963305e-03
6.694250912062416591e-03
6.722813954510869876e-03
6.751376996959323161e-03
6.779940039407776446e-03
6.808503081856229731e-03
6.831484473686759602e-03
6.854465865513787066e-03
6.877447257340813663e-03
6.900428649167840260e-03
6.923410040994867724e-03
6.946391432821894321e-03
6.969372824648921785e-03
6.992354216475948382e-03
7.015335608302974979e-03
7.038317000130002443e-03
7.061298391957029040e-03
7.084279783784055637e-03
7.122291601258545768e-03
7.160303418742632389e-03
7.198315236226719878e-03
7.236327053710805632e-03
7.274338871194892253e-03
7.312350688678979742e-03
7.350362506163065496e-03
7.388374323647152984e-03
7.426386141131239606e-03
7.464397958615325360e-03
7.502409776099412848e-03
7.540421593583499470e-03
7.558384350216287850e-03
7.576347106836057131e-03
7.594309863455827279e-03
7.612272620075595693e-03
7.630235376695365841e-03
7.648198133315135989e-03
7.666160889934905270e-03
7.684123646554673684e-03
7.702086403174443832e-03
7.720049159794213980e-03
7.738011916413983261e-03
7.755974673033751675e-03
7.776904732591569287e-03
7.797834792151347137e-03
7.818764851711124120e-03
7.839694911270900235e-03
7.860624970830678085e-03
7.881555030390454200e-03
7.902485089950232050e-03
7.923415149510008165e-03
7.944345209069784280e-03
7.965275268629562130e-03
7.986205328189338246e-03
8.007135387749116096e-03
8.037334559131751460e-03
8.067533730520607543e-03
8.097732901909465361e-03
8.127932073298323179e-03
8.158131244687180997e-03
8.188330416076038815e-03
8.218529587464894898e-03
8.248728758853752716e-03
8.278927930242610533e-03
8.309127101631466616e-03
8.339326273020324434e-03
8.369525444409182252e-03
8.393860993462638059e-03
8.418196542512095329e-03
8.442532091561552599e-03
8.466867640611008133e-03
8.491203189660465403e-03
8.515538738709922673e-03
8.539874287759378207e-03
8.564209836808835477e-03
8.588545385858292747e-03
8.612880934907750016e-03
8.637216483957205551e-03
8.661552033006662821e-03
8.694456727061644977e-03
8.727361421122566826e-03
8.760266115183486940e-03
8.793170809244408789e-03
8.826075503305328904e-03
8.858980197366250753e-03
8.891884891427172602e-03
8.924789585488092716e-03
8.957694279549014565e-03
8.990598973609934680e-03
9.023503667670856529e-03
9.056408361731776643e-03
9.095380882684647728e-03
9.134353403641789701e-03
9.173325924598929940e-03
9.212298445556070178e-03
9.251270966513212152e-03
9.290243487470352390e-03
9.329216008427494364e-03
9.368188529384634602e-03
9.407161050341776576e-03
9.446133571298916815e-03
9.485106092256057053e-03
9.524078613213199027e-03
9.568529441665044044e-03
9.612980270120804333e-03
9.657431098576564621e-03
9.701881927032326644e-03
9.746332755488088667e-03
9.790783583943848956e-03
9.835234412399610979e-03
9.879685240855371267e-03
9.924136069311131556e-03
9.968586897766893579e-03
1.001303772622265387e-02
1.005748855467841416e-02
1.009310494574778422e-02
1.012872133681074101e-02
1.016433772787369953e-02
1.019995411893665632e-02
1.023557050999961311e-02
1.027118690106257164e-02
1.030680329212552843e-02
1.034241968318848522e-02
1.037803607425144201e-02
1.041365246531440053e-02
1.044926885637735732e-02
1.048488524744031411e-02
1.051981604407372164e-02
1.055474684070662264e-02
1.058967763733952537e-02
1.062460843397242810e-02
1.065953923060532910e-02
1.069447002723823183e-02
1.072940082387113456e-02
1.076433162050403555e-02
1.079926241713693828e-02
1.083419321376984101e-02
1.086912401040274201e-02
1.090405480703564300e-02
1.094539173495034240e-02
1.098672866286983137e-02
1.102806559078931686e-02
1.106940251870880583e-02
1.111073944662829480e-02
1.115207637454778029e-02
1.119341330246726926e-02
1.123475023038675649e-02
1.127608715830624372e-02
1.131742408622573096e-02
1.135876101414521992e-02
1.140009794206470542e-02
1.143956725698542544e-02
1.147903657190472819e-02
1.151850588682402921e-02
1.155797520174333369e-02
1.159744451666263471e-02
1.163691383158193746e-02
1.167638314650123847e-02
1.171585246142054296e-02
1.175532177633984571e-02
1.179479109125914672e-02
1.183426040617844774e-02
1.187372972109775049e-02
1.191243870922748839e-02
1.195114769735663995e-02
1.198985668548579152e-02
1.202856567361494135e-02
1.206727466174409638e-02
1.210598364987324621e-02
1.214469263800239777e-02
1.218340162613154934e-02
1.222211061426070090e-02
1.226081960238985420e-02
1.229952859051900577e-02
1.233823757864815560e-02
1.236944317398965508e-02
1.240064876932529814e-02
1.243185436466093946e-02
1.246305995999658252e-02
1.249426555533222731e-02
1.252547115066786863e-02
1.255667674600351169e-02
1.258788234133915648e-02
1.261908793667479781e-02
1.265029353201044086e-02
1.268149912734608566e-02
1.271270472268172698e-02
1.273802727711781900e-02
1.276334983154925502e-02
1.278867238598069278e-02
1.281399494041212880e-02
1.283931749484356483e-02
1.286464004927500258e-02
1.288996260370643861e-02
1.291528515813787463e-02
1.294060771256931065e-02
1.296593026700074841e-02
1.299125282143218443e-02
1.301657537586362046e-02
1.304352459067221505e-02
1.307047380548211242e-02
1.309742302029201326e-02
1.312437223510190890e-02
1.315132144991180974e-02
1.317827066472170537e-02
1.320521987953160621e-02
1.323216909434150185e-02
1.325911830915140269e-02
1.328606752396130006e-02
1.331301673877119916e-02
1.333996595358109653e-02
1.336265267449710838e-02
1.338533939540965077e-02
1.340802611632219837e-02
1.343071283723474077e-02
1.345339955814728664e-02
1.347608627905983424e-02
1.349877299997237663e-02
1.352145972088492250e-02
1.354414644179746663e-02
1.356683316271001249e-02
1.358951988362255836e-02
1.361220660453510249e-02
1.363086551223903313e-02
1.364952441993964351e-02
1.366818332764025562e-02
1.368684223534086600e-02
1.370550114304147638e-02
1.372416005074208502e-02
1.374281895844269887e-02
1.376147786614330751e-02
1.378013677384391789e-02
1.379879568154452826e-02
1.381745458924514038e-02
1.383611349694575075e-02
1.385785270703980554e-02
1.387959191713642772e-02
1.390133112723305510e-02
1.392307033732968075e-02
1.394480954742630292e-02
1.396654875752292857e-02
1.398828796761955422e-02
1.401002717771618160e-02
1.403176638781280378e-02
1.405350559790942942e-02
1.407524480800605507e-02
1.409698401810267898e-02
1.412115334089750381e-02
1.414532266369438254e-02
1.416949198649126301e-02
1.419366130928814175e-02
1.421783063208502049e-02
1.424199995488189922e-02
1.426616927767877969e-02
1.429033860047565843e-02
1.431450792327253890e-02
1.433867724606941764e-02
1.436284656886629811e-02
1.438701589166317511e-02
1.442003223349757647e-02
1.445304857533955684e-02
1.448606491718153894e-02
1.451908125902351930e-02
1.455209760086550140e-02
1.458511394270748350e-02
1.461813028454946213e-02
1.465114662639144423e-02
1.468416296823342460e-02
1.471717931007540670e-02
1.475019565191738706e-02
1.478321199375936743e-02
1.480379277510050599e-02
1.482437355643085285e-02
1.484495433776119970e-02
1.486553511909154655e-02
1.488611590042189688e-02
1.490669668175224373e-02
1.492727746308259058e-02
1.494785824441293744e-02
1.496843902574328776e-02
1.498901980707363461e-02
1.500960058840398147e-02
1.503018136973432832e-02
1.506040047046202333e-02
1.509061957119818553e-02
1.512083867193434600e-02
1.515105777267050820e-02
1.518127687340667213e-02
1.521149597414283260e-02
1.524171507487899480e-02
1.527193417561515526e-02
1.530215327635131919e-02
1.533237237708747966e-02
1.536259147782364186e-02
1.539281057855980232e-02
1.542369416532148214e-02
1.545457775208375004e-02
1.548546133884602140e-02
1.551634492560829102e-02
1.554722851237056065e-02
1.557811209913282854e-02
1.560899568589509991e-02
1.563987927265737127e-02
1.567076285941963742e-02
1.570164644618190705e-02
1.573253003294417668e-02
1.576341361970644978e-02
1.579483401222820521e-02
1.582625440475044290e-02
1.585767479727268059e-02
1.588909518979492175e-02
1.592051558231715944e-02
1.595193597483940059e-02
1.598335636736163828e-02
1.601477675988387944e-02
1.604619715240611713e-02
1.607761754492835482e-02
1.610903793745059598e-02
1.614045832997283367e-02
1.617924185571471135e-02
1.621802538146330241e-02
1.625680890721189001e-02
1.629559243296048107e-02
1.633437595870906867e-02
1.637315948445765626e-02
1.641194301020624385e-02
1.645072653595483492e-02
1.648951006170342251e-02
1.652829358745201010e-02
1.656707711320060117e-02
1.660586063894918876e-02
1.664352560055645455e-02
1.668119056216268645e-02
1.671885552376891487e-02
1.675652048537515024e-02
1.679418544698138213e-02
1.683185040858761403e-02
1.686951537019384592e-02
1.690718033180007782e-02
1.694484529340630971e-02
1.698251025501254161e-02
1.702017521661877350e-02
1.705784017822500886e-02
1.708216444376139606e-02
1.710648870928533835e-02
1.713081297480927717e-02
1.715513724033321946e-02
1.717946150585716175e-02
1.720378577138110404e-02
1.722811003690504286e-02
1.725243430242898515e-02
1.727675856795292744e-02
1.730108283347686973e-02
1.732540709900081202e-02
1.734973136452475084e-02
1.737674425954988111e-02
1.740375715457754754e-02
1.743077004960521398e-02
1.745778294463288041e-02
1.748479583966054685e-02
1.751180873468821328e-02
1.753882162971587971e-02
1.756583452474354962e-02
1.759284741977121258e-02
1.761986031479888248e-02
1.764687320982654892e-02
1.767388610485421535e-02
1.770857744425566316e-02
1.774326878366443844e-02
1.777796012307321719e-02
1.781265146248199593e-02
1.784734280189077468e-02
1.788203414129955343e-02
1.791672548070832871e-02
1.795141682011711093e-02
1.798610815952588621e-02
1.802079949893466496e-02
1.805549083834344370e-02
1.809018217775222245e-02
1.811844596914185396e-02
1.814670976052527515e-02
1.817497355190869981e-02
1.820323734329211754e-02
1.823150113467554220e-02
1.825976492605896340e-02
1.828802871744238806e-02
1.831629250882580925e-02
1.834455630020923045e-02
1.837282009159265511e-02
1.840108388297607631e-02
1.842934767435950097e-02
1.846573703386775178e-02
1.850212639338394069e-02
1.853851575290013307e-02
1.857490511241632544e-02
1.861129447193251435e-02
1.864768383144870326e-02
1.868407319096489563e-02
1.872046255048108454e-02
1.875685190999727345e-02
1.879324126951346582e-02
1.882963062902965820e-02
1.886601998854584711e-02
1.888940779670061909e-02
1.891279560484254718e-02
1.893618341298447874e-02
1.895957122112640683e-02
1.898295902926833492e-02
1.900634683741026648e-02
1.902973464555219457e-02
1.905312245369412613e-02
1.907651026183605422e-02
1.909989806997798231e-02
1.912328587811991387e-02
1.914667368626184196e-02
1.917856923470517838e-02
1.921046478315700801e-02
1.924236033160883416e-02
1.927425588006066726e-02
1.930615142851249341e-02
1.933804697696432651e-02
1.936994252541615266e-02
1.940183807386798229e-02
1.943373362231981191e-02
1.946562917077164154e-02
1.949752471922347116e-02
1.952942026767530079e-02
1.955622429199478304e-02
1.958302831630912011e-02
1.960983234062346064e-02
1.963663636493780118e-02
1.966344038925214172e-02
1.969024441356647878e-02
1.971704843788082279e-02
1.974385246219515985e-02
1.977065648650950039e-02
1.979746051082383745e-02
1.982426453513818146e-02
1.985106855945251852e-02
1.987319416375432288e-02
1.989531976805134980e-02
1.991744537234838019e-02
1.993957097664540712e-02
1.996169658094243751e-02
1.998382218523946791e-02
2.000594778953649483e-02
2.002807339383352175e-02
2.005019899813055215e-02
2.007232460242758254e-02
2.009445020672460946e-02
2.011657581102163639e-02
2.013503088481347417e-02
2.015348595860151984e-02
2.017194103238956551e-02
2.019039610617761465e-02
2.020885117996566033e-02
2.022730625375370947e-02
2.024576132754175514e-02
2.026421640132980082e-02
2.028267147511784996e-02
2.030112654890589563e-02
2.031958162269394477e-02
2.033803669648199391e-02
2.034805737286903352e-02
2.035807804924728501e-02
2.036809872562553997e-02
2.037811940200379146e-02
2.038814007838204642e-02
2.039816075476029791e-02
2.040818143113855287e-02
2.041820210751680437e-02
2.042822278389505586e-02
2.043824346027330735e-02
2.044826413665156231e-02
2.045828481302981380e-02
2.047346766902902529e-02
2.048865052503367687e-02
2.050383338103832498e-02
2.051901623704297309e-02
2.053419909304762467e-02
2.054938194905227278e-02
2.056456480505692436e-02
2.057974766106157247e-02
2.059493051706622405e-02
2.061011337307087563e-02
2.062529622907552374e-02
2.064047908508017531e-02
2.064724237875837851e-02
2.065400567242762359e-02
2.066076896609686520e-02
2.066753225976611028e-02
2.067429555343535535e-02
2.068105884710460043e-02
2.068782214077384551e-02
2.069458543444308712e-02
2.070134872811233220e-02
2.070811202178157728e-02
2.071487531545082236e-02
2.072163860912006397e-02
2.073494632542898300e-02
2.074825404174493459e-02
2.076156175806088619e-02
2.077486947437684126e-02
2.078817719069279285e-02
2.080148490700874445e-02
2.081479262332469604e-02
2.082810033964064764e-02
2.084140805595660270e-02
2.085471577227255430e-02
2.086802348858850589e-02
2.088133120490445749e-02
2.089285832407463891e-02
2.090438544324289133e-02
2.091591256241113680e-02
2.092743968157938575e-02
2.093896680074763123e-02
2.095049391991588364e-02
2.096202103908413258e-02
2.097354815825237806e-02
2.098507527742062700e-02
2.099660239658887248e-02
2.100812951575712489e-02
2.101965663492537037e-02
2.103671039112840063e-02
2.105376414733749896e-02
2.107081790354659034e-02
2.108787165975568173e-02
2.110492541596477312e-02
2.112197917217387144e-02
2.113903292838296283e-02
2.115608668459205421e-02
2.117314044080114560e-02
2.119019419701023699e-02
2.120724795321933531e-02
2.122430170942842670e-02
2.123877731281725856e-02
2.125325291620323159e-02
2.126772851958920463e-02
2.128220412297517766e-02
2.129667972636115417e-02
2.131115532974712720e-02
2.132563093313309677e-02
2.134010653651906980e-02
2.135458213990504631e-02
2.136905774329101934e-02
2.138353334667699238e-02
2.139800895006296541e-02
2.141738619930227613e-02
2.143676344854706858e-02
2.145614069779186103e-02
2.147551794703665695e-02
2.149489519628144940e-02
2.151427244552624532e-02
2.153364969477103430e-02
2.155302694401582675e-02
2.157240419326062267e-02
2.159178144250541512e-02
2.161115869175020757e-02
2.163053594099500002e-02
2.164753166582108687e-02
2.166452739064448837e-02
2.168152311546788294e-02
2.169851884029127750e-02
2.171551456511467901e-02
2.173251028993807357e-02
2.174950601476147161e-02
2.176650173958486617e-02
2.178349746440826767e-02
2.180049318923166224e-02
2.181748891405505680e-02
2.183448463887845831e-02
2.184892539964673405e-02
2.186336616041210587e-02
2.187780692117746728e-02
2.189224768194283563e-02
2.190668844270820745e-02
2.192112920347356886e-02
2.193556996423894068e-02
2.195001072500430209e-02
2.196445148576967044e-02
2.197889224653503532e-02
2.199333300730040366e-02
2.200777376806577548e-02
2.202713430018898855e-02
2.204649483231786722e-02
2.206585536444674589e-02
2.208521589657562803e-02
2.210457642870450323e-02
2.212393696083338884e-02
2.214329749296226404e-02
2.216265802509114619e-02
2.218201855722002486e-02
2.220137908934890700e-02
2.222073962147778567e-02
2.224010015360666434e-02
2.226333335611488037e-02
2.228656655862759281e-02
2.230979976114030872e-02
2.233303296365302462e-02
2.235626616616573706e-02
2.237949936867845296e-02
2.240273257119116887e-02
2.242596577370388478e-02
2.244919897621659374e-02
2.247243217872930965e-02
2.249566538124202209e-02
2.251889858375473799e-02
2.253894387547591971e-02
2.255898916719336136e-02
2.257903445891080649e-02
2.259907975062824814e-02
2.261912504234568980e-02
2.263917033406313145e-02
2.265921562578057311e-02
2.267926091749801823e-02
2.269930620921545988e-02
2.271935150093289807e-02
2.273939679265033972e-02
2.275944208436778138e-02
2.279570695247879614e-02
2.283197182060901775e-02
2.286823668873923590e-02
2.290450155686945752e-02
2.294076642499967914e-02
2.297703129312989728e-02
2.301329616126011890e-02
2.304956102939034052e-02
2.308582589752055866e-02
2.312209076565078028e-02
2.315835563378100190e-02
2.319462050191122351e-02
2.321869221373966397e-02
2.324276392555353621e-02
2.326683563736740845e-02
2.329090734918128416e-02
2.331497906099514947e-02
2.333905077280902518e-02
2.336312248462289742e-02
2.338719419643676967e-02
2.341126590825064191e-02
2.343533762006451068e-02
2.345940933187838640e-02
2.348348104369225864e-02
2.350976930617895352e-02
2.353605756866832335e-02
2.356234583115769318e-02
2.358863409364705954e-02
2.361492235613642937e-02
2.364121061862579920e-02
2.366749888111516903e-02
2.369378714360454233e-02
2.372007540609391216e-02
2.374636366858327505e-02
2.377265193107264488e-02
2.379894019356201817e-02
2.382142684638381344e-02
2.384391349920098740e-02
2.386640015201816137e-02
2.388888680483533533e-02
2.391137345765250929e-02
2.393386011046967979e-02
2.395634676328685028e-02
2.397883341610402425e-02
2.400132006892119474e-02
2.402380672173836870e-02
2.404629337455554267e-02
2.406878002737271663e-02
2.409452511275944619e-02
2.412027019815018297e-02
2.414601528354091281e-02
2.417176036893164612e-02
2.419750545432237596e-02
2.422325053971310926e-02
2.424899562510384257e-02
2.427474071049457935e-02
2.430048579588530919e-02
2.432623088127604249e-02
2.435197596666677580e-02
2.437772105205750564e-02
2.440603670806716988e-02
2.443435236408001560e-02
2.446266802009285785e-02
2.449098367610570356e-02
2.451929933211854928e-02
2.454761498813139500e-02
2.457593064414424072e-02
2.460424630015708644e-02
2.463256195616993216e-02
2.466087761218277788e-02
2.468919326819562360e-02
2.471750892420846932e-02
2.475409613085562469e-02
2.479068333751312248e-02
2.482727054417062026e-02
2.486385775082811458e-02
2.490044495748561237e-02
2.493703216414311016e-02
2.497361937080060448e-02
2.501020657745810227e-02
2.504679378411560006e-02
2.508338099077309438e-02
2.511996819743059217e-02
2.515655540408808996e-02
2.519342126664744774e-02
2.523028712920715594e-02
2.526715299176686413e-02
2.530401885432657580e-02
2.534088471688628053e-02
2.537775057944599219e-02
2.541461644200570386e-02
2.545148230456540858e-02
2.548834816712512025e-02
2.552521402968482844e-02
2.556207989224453664e-02
2.559894575480424483e-02
2.564297348154248590e-02
2.568700120828983774e-02
2.573102893503718264e-02
2.577505666178453100e-02
2.581908438853187937e-02
2.586311211527922774e-02
2.590713984202657263e-02
2.595116756877392100e-02
2.599519529552126937e-02
2.603922302226861427e-02
2.608325074901596610e-02
2.612727847576331100e-02
2.617003093488922544e-02
2.621278339401349883e-02
2.625553585313777916e-02
2.629828831226205255e-02
2.634104077138633287e-02
2.638379323051060973e-02
2.642654568963488659e-02
2.646929814875916345e-02
2.651205060788344378e-02
2.655480306700771717e-02
2.659755552613199750e-02
2.664030798525627089e-02
2.669524451061344728e-02
2.675018103598637842e-02
2.680511756135930956e-02
2.686005408673224071e-02
2.691499061210517185e-02
2.696992713747809953e-02
2.702486366285103761e-02
2.707980018822396875e-02
2.713473671359689643e-02
2.718967323896982757e-02
2.724460976434275872e-02
2.729954628971568986e-02
2.735092266066254524e-02
2.740229903160475503e-02
2.745367540254696828e-02
2.750505177348917807e-02
2.755642814443138439e-02
2.760780451537359764e-02
2.765918088631580743e-02
2.771055725725802069e-02
2.776193362820023047e-02
2.781330999914243679e-02
2.786468637008465005e-02
2.791606274102685983e-02
2.798407254144689993e-02
2.805208234188881489e-02
2.812009214233072985e-02
2.818810194277264480e-02
2.825611174321455629e-02
2.832412154365647125e-02
2.839213134409838621e-02
2.846014114454030117e-02
2.852815094498221613e-02
2.859616074542413108e-02
2.866417054586604257e-02
2.873218034630795753e-02
2.881330268121165897e-02
2.889442501613274580e-02
2.897554735105383611e-02
2.905666968597492295e-02
2.913779202089601325e-02
2.921891435581710356e-02
2.930003669073818692e-02
2.938115902565927723e-02
2.946228136058036753e-02
2.954340369550145437e-02
2.962452603042254468e-02
2.970564836534363498e-02
2.979088402079039036e-02
2.987611967624265522e-02
2.996135533169491313e-02
3.004659098714717452e-02
3.013182664259943244e-02
3.021706229805169036e-02
3.030229795350395175e-02
3.038753360895620967e-02
3.047276926440847106e-02
3.055800491986072898e-02
3.064324057531299383e-02
3.072847623076524828e-02
3.082947335888137907e-02
3.093047048701875329e-02
3.103146761515612750e-02
3.113246474329350172e-02
3.123346187143086899e-02
3.133445899956824321e-02
3.143545612770561742e-02
3.153645325584299164e-02
3.163745038398036585e-02
3.173844751211774007e-02
3.183944464025510734e-02
3.194044176839248156e-02
3.204764742441686132e-02
3.215485308044967183e-02
3.226205873648248929e-02
3.236926439251529980e-02
3.247647004854811031e-02
3.258367570458092777e-02
3.269088136061373828e-02
3.279808701664654880e-02
3.290529267267936625e-02
3.301249832871217676e-02
3.311970398474498728e-02
3.322690964077779779e-02
3.333905793843536941e-02
3.345120623609969951e-02
3.356335453376402961e-02
3.367550283142836665e-02
3.378765112909270368e-02
3.389979942675703378e-02
3.401194772442136388e-02
3.412409602208570092e-02
3.423624431975003796e-02
3.434839261741436806e-02
3.446054091507870509e-02
3.457268921274303519e-02
3.469502796042585324e-02
3.481736670812273643e-02
3.493970545581961962e-02
3.506204420351650280e-02
3.518438295121338599e-02
3.530672169891026918e-02
3.542906044660715237e-02
3.555139919430403556e-02
3.567373794200092568e-02
3.579607668969780887e-02
3.591841543739469206e-02
3.604075418509157525e-02
3.617117518408784205e-02
3.630159618309535680e-02
3.643201718210287154e-02
3.656243818111037935e-02
3.669285918011789410e-02
3.682328017912540885e-02
3.695370117813292360e-02
3.708412217714043141e-02
3.721454317614794616e-02
3.734496417515546091e-02
3.747538517416297565e-02
3.760580617317049040e-02
3.773641707160139969e-02
3.786702797003257265e-02
3.799763886846373867e-02
3.812824976689491857e-02
3.825886066532609153e-02
3.838947156375726449e-02
3.852008246218843746e-02
3.865069336061961042e-02
3.878130425905079032e-02
3.891191515748195634e-02
3.904252605591312930e-02
3.917313695434430226e-02
3.931645312599180153e-02
3.945976929765725866e-02
3.960308546932270884e-02
3.974640164098816597e-02
3.988971781265361616e-02
4.003303398431907328e-02
4.017635015598452347e-02
4.031966632764997366e-02
4.046298249931543078e-02
4.060629867098088097e-02
4.074961484264633810e-02
4.089293101431178828e-02
4.102759888978653458e-02
4.116226676524895739e-02
4.129693464071138020e-02
4.143160251617380302e-02
4.156627039163623277e-02
4.170093826709865559e-02
4.183560614256107840e-02
4.197027401802350122e-02
4.210494189348593097e-02
4.223960976894835379e-02
4.237427764441077660e-02
4.250894551987320635e-02
4.263065229400946760e-02
4.275235906812713260e-02
4.287406584224479761e-02
4.299577261636246261e-02
4.311747939048012762e-02
4.323918616459779263e-02
4.336089293871545070e-02
4.348259971283311570e-02
4.360430648695078071e-02
4.372601326106844571e-02
4.384772003518611766e-02
4.396942680930378267e-02
4.409349283358546950e-02
4.421755885787057722e-02
4.434162488215567799e-02
4.446569090644078570e-02
4.458975693072589341e-02
4.471382295501100113e-02
4.483788897929610190e-02
4.496195500358120961e-02
4.508602102786631732e-02
4.521008705215142504e-02
4.533415307643652581e-02
4.545821910072163352e-02
4.558420896774711961e-02
4.571019883477539514e-02
4.583618870180367760e-02
4.596217856883196007e-02
4.608816843586023559e-02
4.621415830288851806e-02
4.634014816991680052e-02
4.646613803694507605e-02
4.659212790397335852e-02
4.671811777100164098e-02
4.684410763802990957e-02
4.697009750505819203e-02
4.709142969464967521e-02
4.721276188423430969e-02
4.733409407381895806e-02
4.745542626340360642e-02
4.757675845298824091e-02
4.769809064257288928e-02
4.781942283215752376e-02
4.794075502174217213e-02
4.806208721132681355e-02
4.818341940091144804e-02
4.830475159049609640e-02
4.842608378008073089e-02
4.854937443828611504e-02
4.867266509649438577e-02
4.879595575470265650e-02
4.891924641291092030e-02
4.904253707111919797e-02
4.916582772932746870e-02
4.928911838753573943e-02
4.941240904574401016e-02
4.953569970395228783e-02
4.965899036216055856e-02
4.978228102036882929e-02
4.990557167857710003e-02
5.003115547304272381e-02
5.015673926751176154e-02
5.028232306198079926e-02
5.040790685644984392e-02
5.053349065091887471e-02
5.065907444538791937e-02
5.078465823985695710e-02
5.091024203432599482e-02
5.103582582879503254e-02
5.116140962326407721e-02
5.128699341773310799e-02
5.141257721220215265e-02
5.154003188962621995e-02
5.166748656705308362e-02
5.179494124447995423e-02
5.192239592190681791e-02
5.204985059933368852e-02
5.217730527676055913e-02
5.230475995418742974e-02
5.243221463161429341e-02
5.255966930904116402e-02
5.268712398646802769e-02
5.281457866389490524e-02
5.294203334132176891e-02
5.306478769344748908e-02
5.318754204556610382e-02
5.331029639768471856e-02
5.343305074980334024e-02
5.355580510192195498e-02
5.367855945404056972e-02
5.380131380615919140e-02
5.392406815827780614e-02
5.404682251039642088e-02
5.416957686251503562e-02
5.429233121463365730e-02
5.441508556675227204e-02
5.453421019200099112e-02
5.465333481724419379e-02
5.477245944248738951e-02
5.489158406773059218e-02
5.501070869297378790e-02
5.512983331821699057e-02
5.524895794346018629e-02
5.536808256870338202e-02
5.548720719394658468e-02
5.560633181918978041e-02
5.572545644443298307e-02
5.584458106967617880e-02
5.595467459156549389e-02
5.606476811344094507e-02
5.617486163531641014e-02
5.628495515719186826e-02
5.639504867906731944e-02
5.650514220094278450e-02
5.661523572281824263e-02
5.672532924469370075e-02
5.683542276656916581e-02
5.694551628844461699e-02
5.705560981032007511e-02
5.716570333219554018e-02
5.728054674269508761e-02
5.739539015320196946e-02
5.751023356370885825e-02
5.762507697421575398e-02
5.773992038472262889e-02
5.785476379522952461e-02
5.796960720573640646e-02
5.808445061624329525e-02
5.819929402675017710e-02
5.831413743725706589e-02
5.842898084776394774e-02
5.854382425827083652e-02
5.863750001265501804e-02
5.873117576700627451e-02
5.882485152135753098e-02
5.891852727570878745e-02
5.901220303006005086e-02
5.910587878441130733e-02
5.919955453876257073e-02
5.929323029311382026e-02
5.938690604746508367e-02
5.948058180181634014e-02
5.957425755616760354e-02
5.966793331051885307e-02
5.975749260618688774e-02
5.984705190184847617e-02
5.993661119751005767e-02
6.002617049317164610e-02
6.011572978883322760e-02
6.020528908449481603e-02
6.029484838015640447e-02
6.038440767581798596e-02
6.047396697147957439e-02
6.056352626714115589e-02
6.065308556280274432e-02
6.074264485846432582e-02
6.083456233854846185e-02
6.092647981863632406e-02
6.101839729872417933e-02
6.111031477881204155e-02
6.120223225889989682e-02
6.129414973898775904e-02
6.138606721907560737e-02
6.147798469916346958e-02
6.156990217925132486e-02
6.166181965933918707e-02
6.175373713942704235e-02
6.184565461951490456e-02
6.194015417676027729e-02
6.203465373400975785e-02
6.212915329125923841e-02
6.222365284850872591e-02
6.231815240575820647e-02
6.241265196300768703e-02
6.250715152025716759e-02
6.260165107750664815e-02
6.269615063475612871e-02
6.279065019200560926e-02
6.288514974925508982e-02
6.297964930650457038e-02
6.307622198967861860e-02
6.317279467285599748e-02
6.326936735603336248e-02
6.336594003921074136e-02
6.346251272238812025e-02
6.355908540556548525e-02
6.365565808874286413e-02
6.375223077192024301e-02
6.384880345509760802e-02
6.394537613827497302e-02
6.404194882145235190e-02
6.413852150462973079e-02
6.423608190545179730e-02
6.433364230627545977e-02
6.443120270709912223e-02
6.452876310792278469e-02
6.462632350874644716e-02
6.472388390957010962e-02
6.482144431039377208e-02
6.491900471121743454e-02
6.501656511204109701e-02
6.511412551286475947e-02
6.521168591368842193e-02
6.530924631451208440e-02
6.541455436466184215e-02
6.551986241482413154e-02
6.562517046498644868e-02
6.573047851514875195e-02
6.583578656531105522e-02
6.594109461547335849e-02
6.604640266563566176e-02
6.615171071579796502e-02
6.625701876596026829e-02
6.636232681612257156e-02
6.646763486628487483e-02
6.657294291644717810e-02
6.667815116698989908e-02
6.678335941753242577e-02
6.688856766807498022e-02
6.699377591861752079e-02
6.709898416916006136e-02
6.720419241970261581e-02
6.730940067024515638e-02
6.741460892078769696e-02
6.751981717133023753e-02
6.762502542187277810e-02
6.773023367241533255e-02
6.783544192295787312e-02
6.793369453338957142e-02
6.803194714380984831e-02
6.813019975423012520e-02
6.822845236465040208e-02
6.832670497507067897e-02
6.842495758549095586e-02
6.852321019591123274e-02
6.862146280633150963e-02
6.871971541675178652e-02
6.881796802717206341e-02
6.891622063759234029e-02
6.901447324801261718e-02
6.912670859161577919e-02
6.923894393524207547e-02
6.935117927886837175e-02
6.946341462249465415e-02
6.957564996612095043e-02
6.968788530974724671e-02
6.980012065337352911e-02
6.991235599699983927e-02
7.002459134062612167e-02
7.013682668425241795e-02
7.024906202787871423e-02
7.036129737150499663e-02
7.047141162524209190e-02
7.058152587897566221e-02
7.069164013270923252e-02
7.080175438644280284e-02
7.091186864017637315e-02
7.102198289390992958e-02
7.113209714764349989e-02
7.124221140137707020e-02
7.135232565511064051e-02
7.146243990884419695e-02
7.157255416257776726e-02
7.168266841631133757e-02
7.180364682802539700e-02
7.192462523975765021e-02
7.204560365148990342e-02
7.216658206322215663e-02
7.228756047495440984e-02
7.240853888668666305e-02
7.252951729841893014e-02
7.265049571015116947e-02
7.277147412188343656e-02
7.289245253361568977e-02
7.301343094534794298e-02
7.313440935708019619e-02
7.325843313738512885e-02
7.338245691769519630e-02
7.350648069800527762e-02
7.363050447831534506e-02
7.375452825862541251e-02
7.387855203893547995e-02
7.400257581924554739e-02
7.412659959955561484e-02
7.425062337986569616e-02
7.437464716017576360e-02
7.449867094048583105e-02
7.462269472079589849e-02
7.474848626660136885e-02
7.487427781240982294e-02
7.500006935821829090e-02
7.512586090402675887e-02
7.525165244983522683e-02
7.537744399564369480e-02
7.550323554145214888e-02
7.562902708726061685e-02
7.575481863306908481e-02
7.588061017887755277e-02
7.600640172468602074e-02
7.613219327049448870e-02
7.626012180391557316e-02
7.638805033734029359e-02
7.651597887076502791e-02
7.664390740418976222e-02
7.677183593761449654e-02
7.689976447103923085e-02
7.702769300446395129e-02
7.715562153788868560e-02
7.728355007131341992e-02
7.741147860473815423e-02
7.753940713816287467e-02
7.766733567158760898e-02
7.780255967551223673e-02
7.793778367944940999e-02
7.807300768338659713e-02
7.820823168732375652e-02
7.834345569126092979e-02
7.847867969519810305e-02
7.861390369913527632e-02
7.874912770307244958e-02
7.888435170700962284e-02
7.901957571094679611e-02
7.915479971488396937e-02
7.929002371882114264e-02
7.941301552486493276e-02
7.953600733088755925e-02
7.965899913691018575e-02
7.978199094293281224e-02
7.990498274895543873e-02
8.002797455497806522e-02
8.015096636100069172e-02
8.027395816702331821e-02
8.039694997304593083e-02
8.051994177906857120e-02
8.064293358509119769e-02
8.076592539111382418e-02
8.089807899593302876e-02
8.103023260076817891e-02
8.116238620560332906e-02
8.129453981043847921e-02
8.142669341527364324e-02
8.155884702010877951e-02
8.169100062494394354e-02
8.182315422977909369e-02
8.195530783461424384e-02
8.208746143944940787e-02
8.221961504428455803e-02
8.235176864911970818e-02
8.247802142544780057e-02
8.260427420176555402e-02
8.273052697808330747e-02
8.285677975440106091e-02
8.298303253071881436e-02
8.310928530703656780e-02
8.323553808335432125e-02
8.336179085967207469e-02
8.348804363598982814e-02
8.361429641230759546e-02
8.374054918862533503e-02
8.386680196494310235e-02
8.400761160614768353e-02
8.414842124737796636e-02
8.428923088860822144e-02
8.443004052983847652e-02
8.457085017106874547e-02
8.471165981229900055e-02
8.485246945352925563e-02
8.499327909475952458e-02
8.513408873598977966e-02
8.527489837722003474e-02
8.541570801845030370e-02
8.555651765968055877e-02
8.570663275003312376e-02
8.585674784040218943e-02
8.600686293077126898e-02
8.615697802114032078e-02
8.630709311150938645e-02
8.645720820187845213e-02
8.660732329224753168e-02
8.675743838261659735e-02
8.690755347298564915e-02
8.705766856335471482e-02
8.720778365372378049e-02
8.735789874409286004e-02
8.751128546968857391e-02
8.766467219529011645e-02
8.781805892089167287e-02
8.797144564649322929e-02
8.812483237209478570e-02
8.827821909769632824e-02
8.843160582329788466e-02
8.858499254889944108e-02
8.873837927450099750e-02
8.889176600010254004e-02
8.904515272570409645e-02
8.919853945130565287e-02
8.935848402877612229e-02
8.951842860625837395e-02
8.967837318374062561e-02
8.983831776122286339e-02
8.999826233870511505e-02
9.015820691618736671e-02
9.031815149366960449e-02
9.047809607115185615e-02
9.063804064863410781e-02
9.079798522611634559e-02
9.095792980359859725e-02
9.111787438108084891e-02
9.129758219796314800e-02
9.147729001488114076e-02
9.165699783179913351e-02
9.183670564871714015e-02
9.201641346563514678e-02
9.219612128255315342e-02
9.237582909947113230e-02
9.255553691638913894e-02
9.273524473330714557e-02
9.291495255022513833e-02
9.309466036714313109e-02
9.327436818406113772e-02
9.345407600097896395e-02
9.363378381789680405e-02
9.381349163481465803e-02
9.399319945173249813e-02
9.417290726865033823e-02
9.435261508556816445e-02
9.453232290248600456e-02
9.471203071940384466e-02
9.489173853632169864e-02
9.507144635323953874e-02
9.525115417015737884e-02
9.543086198707520507e-02
9.561056980399304517e-02
9.579027762091089915e-02
9.596998543782873925e-02
9.614969325474657935e-02
9.632940107166440558e-02
