3.212068564126960984e-02
3.215287644143544760e-02
3.218506724160127841e-02
3.221725804176711616e-02
3.224944884193295391e-02
3.228163964209878473e-02
3.231383044226462248e-02
3.238116557156650588e-02
3.244850070086859051e-02
3.251583583017067514e-02
3.258317095947275283e-02
3.265050608877483745e-02
3.271784121807691514e-02
3.278517634737899977e-02
3.285251147668107746e-02
3.291984660598316209e-02
3.298718173528523978e-02
3.305451686458731747e-02
3.312185199388940210e-02
3.327879646105338929e-02
3.343574092821884752e-02
3.359268539538429882e-02
3.374962986254975705e-02
3.390657432971521529e-02
3.406351879688066658e-02
3.422046326404612482e-02
3.437740773121157611e-02
3.453435219837703435e-02
3.469129666554248564e-02
3.484824113270794388e-02
3.500518559987339517e-02
3.510879150882713351e-02
3.521239741777942162e-02
3.531600332673169584e-02
3.541960923568397701e-02
3.552321514463625818e-02
3.562682105358853935e-02
3.573042696254082745e-02
3.583403287149310168e-02
3.593763878044538285e-02
3.604124468939766401e-02
3.614485059834995212e-02
3.624845650730222635e-02
3.635149047995505506e-02
3.645452445260786295e-02
3.655755842526067084e-02
3.666059239791347873e-02
3.676362637056627969e-02
3.686666034321909452e-02
3.696969431587189547e-02
3.707272828852470337e-02
3.717576226117751126e-02
3.727879623383031915e-02
3.738183020648312010e-02
3.748486417913593494e-02
3.742233448616997388e-02
3.735980479319588043e-02
3.729727510022179393e-02
3.723474540724770743e-02
3.717221571427362092e-02
3.710968602129952748e-02
3.704715632832543404e-02
3.698462663535135447e-02
3.692209694237726103e-02
3.685956724940316759e-02
3.679703755642908108e-02
3.673450786345499458e-02
3.474547380536602975e-02
3.275643974716142826e-02
3.076740568895682676e-02
2.877837163075222873e-02
2.678933757254762724e-02
2.480030351434302227e-02
2.281126945613842424e-02
2.082223539793381928e-02
1.883320133972921778e-02
1.684416728152461976e-02
1.485513322332001479e-02
1.286609916511541503e-02
1.022842991991478913e-02
7.590760674668150555e-03
4.953091429421511115e-03
2.315422184174872541e-03
-3.222470610717683630e-04
-2.959916306318407207e-03
-5.597585551565046648e-03
-8.235254796811685221e-03
-1.087292404205832466e-02
-1.351059328730496757e-02
-1.614826253255160701e-02
-1.878593177779824472e-02
-1.923051842607772025e-02
-1.967510507417767618e-02
-2.011969172227763558e-02
-2.056427837037759498e-02
-2.100886501847755439e-02
-2.145345166657751379e-02
-2.189803831467747666e-02
-2.234262496277743260e-02
-2.278721161087739200e-02
-2.323179825897735140e-02
-2.367638490707731080e-02
-2.412097155517727368e-02
-2.352318451132856189e-02
-2.292539746738315315e-02
-2.232761042343774788e-02
-2.172982337949233914e-02
-2.113203633554693039e-02
-2.053424929160152165e-02
-1.993646224765611291e-02
-1.933867520371070764e-02
-1.874088815976530237e-02
-1.814310111581989363e-02
-1.754531407187448488e-02
-1.694752702792907614e-02
-1.608736180441199329e-02
-1.522719658086770823e-02
-1.436703135732342491e-02
-1.350686613377913986e-02
-1.264670091023485481e-02
-1.178653568669056802e-02
-1.092637046314628296e-02
-1.006620523960199791e-02
-9.206040016057714589e-03
-8.345874792513429535e-03
-7.485709568969143614e-03
-6.625544345424857692e-03
-5.826931873265363271e-03
-5.028319401112921368e-03
-4.229706928960481199e-03
-3.431094456808039296e-03
-2.632481984655598260e-03
-1.833869512503157008e-03
-1.035257040350715321e-03
-2.366445681982736349e-04
5.619679039541670756e-04
1.360580376106608654e-03
2.159192848259050557e-03
2.957805320411491159e-03
2.965287108397823748e-03
2.972768896284860331e-03
2.980250684171897348e-03
2.987732472058934798e-03
2.995214259945971381e-03
3.002696047833008832e-03
3.010177835720045415e-03
3.017659623607082866e-03
3.025141411494119449e-03
3.032623199381156900e-03
3.040104987268193917e-03
3.047586775155230934e-03
3.259046424727379820e-03
3.470506074327356708e-03
3.681965723927333161e-03
3.893425373527310048e-03
4.104885023127286502e-03
4.316344672727262521e-03
4.527804322327240276e-03
4.739263971927216296e-03
4.950723621527193183e-03
5.162183271127170070e-03
5.373642920727146957e-03
5.585102570327122977e-03
5.936415745627016301e-03
6.287728920947513803e-03
6.639042096268013039e-03
6.990355271588511409e-03
7.341668446909009778e-03
7.692981622229508147e-03
8.044294797550007384e-03
8.395607972870505753e-03
8.746921148191004122e-03
9.098234323511502492e-03
9.449547498832000861e-03
9.800860674152500965e-03
1.024171231740266495e-02
1.068256396066700163e-02
1.112341560393133484e-02
1.156426724719567152e-02
1.200511889046000820e-02
1.244597053372434314e-02
1.288682217698867982e-02
1.332767382025301477e-02
1.376852546351734971e-02
1.420937710678168465e-02
1.465022875004602133e-02
1.509108039331035454e-02
1.547874043138219163e-02
1.586640046944502724e-02
1.625406050750786632e-02
1.664172054557070193e-02
1.702938058363353754e-02
1.741704062169637662e-02
1.780470065975921570e-02
1.819236069782204784e-02
1.858002073588488345e-02
1.896768077394772253e-02
1.935534081201056161e-02
1.974300085007339722e-02
2.006846428163268012e-02
2.039392771318076711e-02
2.071939114472884716e-02
2.104485457627693068e-02
2.137031800782501767e-02
2.169578143937310119e-02
2.202124487092118124e-02
2.234670830246926476e-02
2.267217173401735175e-02
2.299763516556543527e-02
2.332309859711351532e-02
2.364856202866159884e-02
2.390470558691026870e-02
2.416084914514569221e-02
2.441699270338111918e-02
2.467313626161654269e-02
2.492927981985196967e-02
2.518542337808739318e-02
2.544156693632282362e-02
2.569771049455825060e-02
2.595385405279367411e-02
2.620999761102910108e-02
2.646614116926452459e-02
2.672228472749995157e-02
2.692410703808617231e-02
2.712592934866142960e-02
2.732775165923668342e-02
2.752957396981193725e-02
2.773139628038719454e-02
2.793321859096244836e-02
2.813504090153770565e-02
2.833686321211295600e-02
2.853868552268821329e-02
2.874050783326346711e-02
2.894233014383872094e-02
2.914415245441397823e-02
2.926211161715258982e-02
2.938007077987335458e-02
2.949802994259411587e-02
2.961598910531488063e-02
2.973394826803564192e-02
2.985190743075641015e-02
2.996986659347717491e-02
3.008782575619793620e-02
3.020578491891870096e-02
3.032374408163946225e-02
3.044170324436022701e-02
3.055966240708099524e-02
3.075630137723121479e-02
3.095294034739903832e-02
3.114957931756686185e-02
3.134621828773469232e-02
3.154285725790251932e-02
3.173949622807033938e-02
3.193613519823816638e-02
3.213277416840599338e-02
3.232941313857381344e-02
3.252605210874164737e-02
3.272269107890946743e-02
3.291933004907729443e-02
3.305406635953820477e-02
3.318880266998459200e-02
3.332353898043097923e-02
3.345827529087736646e-02
3.359301160132375369e-02
3.372774791177014092e-02
3.386248422221652815e-02
3.399722053266291538e-02
3.413195684310930261e-02
3.426669315355568984e-02
3.440142946400207707e-02
3.453616577444846431e-02
3.453973660069853402e-02
3.454330742691639339e-02
3.454687825313424582e-02
3.455044907935210519e-02
3.455401990556995762e-02
3.455759073178781698e-02
3.456116155800566941e-02
3.456473238422352878e-02
3.456830321044138815e-02
3.457187403665924058e-02
3.457544486287709995e-02
3.457901568909495238e-02
3.462400122243382977e-02
3.466898675578332367e-02
3.471397228913282451e-02
3.475895782248233229e-02
3.480394335583183313e-02
3.484892888918132703e-02
3.489391442253082787e-02
3.493889995588032871e-02
3.498388548922982955e-02
3.502887102257932345e-02
3.507385655592882429e-02
3.511884208927832512e-02
3.515511412614620579e-02
3.519138616301176192e-02
3.522765819987731112e-02
3.526393023674285337e-02
3.530020227360840951e-02
3.533647431047395870e-02
3.537274634733950790e-02
3.540901838420505710e-02
3.544529042107060629e-02
3.548156245793615549e-02
3.551783449480171162e-02
3.555410653166725388e-02
3.531513373841411313e-02
3.507616094508436699e-02
3.483718815175460698e-02
3.459821535842486084e-02
3.435924256509511471e-02
3.412026977176536857e-02
3.388129697843561550e-02
3.364232418510586242e-02
3.340335139177611629e-02
3.316437859844637015e-02
3.292540580511661708e-02
3.268643301178687094e-02
3.254062379086489210e-02
3.239481456996986392e-02
3.224900534907482880e-02
3.210319612817979368e-02
3.195738690728476550e-02
3.181157768638973038e-02
3.166576846549469526e-02
3.151995924459966014e-02
3.137415002370463196e-02
3.122834080280960031e-02
3.108253158191456866e-02
3.093672236101953354e-02
3.090533991944754977e-02
3.087395747790991005e-02
3.084257503637227033e-02
3.081119259483463060e-02
3.077981015329699088e-02
3.074842771175935810e-02
3.071704527022171838e-02
3.068566282868407866e-02
3.065428038714643894e-02
3.062289794560879921e-02
3.059151550407115949e-02
3.056013306253351977e-02
3.059802993519881303e-02
3.063592680788566197e-02
3.067382368057250397e-02
3.071172055325935291e-02
3.074961742594619837e-02
3.078751429863304384e-02
3.082541117131988931e-02
3.086330804400673478e-02
3.090120491669358024e-02
3.093910178938042918e-02
3.097699866206727118e-02
3.101489553475412012e-02
3.108662795001196008e-02
3.115836036528069758e-02
3.123009278054942814e-02
3.130182519581816564e-02
3.137355761108689967e-02
3.144529002635563369e-02
3.151702244162436772e-02
3.158875485689310175e-02
3.166048727216184272e-02
3.173221968743057675e-02
3.180395210269931078e-02
3.187568451796804481e-02
3.199470675704224609e-02
3.211372899613218479e-02
3.223275123522212349e-02
3.235177347431206218e-02
3.247079571340200088e-02
3.258981795249193958e-02
3.270884019158187828e-02
3.282786243067181697e-02
3.294688466976175567e-02
3.306590690885169437e-02
3.318492914794164000e-02
3.330395138703157870e-02
3.337763616734618077e-02
3.345132094764519115e-02
3.352500572794420847e-02
3.359869050824322578e-02
3.367237528854224310e-02
3.374606006884126042e-02
3.381974484914027773e-02
3.389342962943928811e-02
3.396711440973830543e-02
3.404079919003732274e-02
3.411448397033634006e-02
3.418816875063535737e-02
3.185183504806868293e-02
2.951550134464717146e-02
2.717916764122566345e-02
2.484283393780414850e-02
2.250650023438263356e-02
2.017016653096112555e-02
1.783383282753961060e-02
1.549749912411809913e-02
1.316116542069658939e-02
1.082483171727507444e-02
8.488498013853564700e-03
6.152164310432051489e-03
-5.373292650921494221e-04
-7.226822842207937005e-03
-1.391631641932372654e-02
-2.060580999643951347e-02
-2.729530357355530387e-02
-3.398479715067109774e-02
-4.067429072778688814e-02
-4.736378430490267161e-02
-5.405327788201846201e-02
-6.074277145913425241e-02
-6.743226503625003587e-02
-7.412175861336582627e-02
-7.529766850907718134e-02
-7.647357840271250262e-02
-7.764948829634782390e-02
-7.882539818998315906e-02
-8.000130808361848034e-02
-8.117721797725381550e-02
-8.235312787088912290e-02
-8.352903776452445805e-02
-8.470494765815977933e-02
-8.588085755179511449e-02
-8.705676744543043577e-02
-8.823267733906575705e-02
-8.777981193071890398e-02
-8.732694652174100014e-02
-8.687408111276309630e-02
-8.642121570378519246e-02
-8.596835029480727475e-02
-8.551548488582935703e-02
-8.506261947685146707e-02
-8.460975406787354935e-02
-8.415688865889563164e-02
-8.370402324991774168e-02
-8.325115784093982396e-02
-8.279829243196190625e-02
-8.255126325977614477e-02
-8.230423408767237325e-02
-8.205720491556861562e-02
-8.181017574346484411e-02
-8.156314657136105872e-02
-8.131611739925730109e-02
-8.106908822715352958e-02
-8.082205905504975807e-02
-8.057502988294600044e-02
-8.032800071084222893e-02
-8.008097153873844354e-02
-7.983394236663468591e-02
-7.888133320222517897e-02
-7.792872403752688915e-02
-7.697611487282861320e-02
-7.602350570813033726e-02
-7.507089654343204743e-02
-7.411828737873375761e-02
-7.316567821403546779e-02
-7.221306904933719184e-02
-7.126045988463891590e-02
-7.030785071994062607e-02
-6.935524155524235013e-02
-6.840263239054406030e-02
-6.803025997851409878e-02
-6.765788756672794224e-02
-6.728551515494178570e-02
-6.691314274315562916e-02
-6.654077033136947261e-02
-6.616839791958331607e-02
-6.579602550779715953e-02
-6.542365309601100298e-02
-6.505128068422484644e-02
-6.467890827243867602e-02
-6.430653586065251948e-02
-6.393416344886637681e-02
-6.416216486100832783e-02
-6.439016627340911347e-02
-6.461816768580989911e-02
-6.484616909821068476e-02
-6.507417051061147040e-02
-6.530217192301225604e-02
-6.553017333541304168e-02
-6.575817474781382732e-02
-6.598617616021461296e-02
-6.621417757261539860e-02
-6.644217898501617037e-02
-6.667018039741696989e-02
-6.633790879422474251e-02
-6.600563719078487990e-02
-6.567336558734500340e-02
-6.534109398390514079e-02
-6.500882238046526429e-02
-6.467655077702540167e-02
-6.434427917358552518e-02
-6.401200757014566256e-02
-6.367973596670579994e-02
-6.334746436326592345e-02
-6.301519275982606083e-02
-6.268292115638619821e-02
-6.197189101014852208e-02
-6.126086086373930262e-02
-6.054983071733007621e-02
-5.983880057092085675e-02
-5.912777042451163034e-02
-5.841674027810241088e-02
-5.770571013169318447e-02
-5.699467998528397195e-02
-5.628364983887475248e-02
-5.557261969246552608e-02
-5.486158954605629967e-02
-5.415055939964708021e-02
-5.285220459455326064e-02
-5.155384978918702010e-02
-5.025549498382077263e-02
-4.895714017845452515e-02
-4.765878537308828461e-02
-4.636043056772203713e-02
-4.506207576235578965e-02
-4.376372095698954912e-02
-4.246536615162330858e-02
-4.116701134625705416e-02
-3.986865654089081362e-02
-3.857030173552455921e-02
-3.722227249187158582e-02
-3.587424324819503407e-02
-3.452621400451846845e-02
-3.317818476084190976e-02
-3.183015551716535108e-02
-3.048212627348878892e-02
-2.913409702981223023e-02
-2.778606778613566808e-02
-2.643803854245910939e-02
-2.509000929878254724e-02
-2.374198005510598855e-02
-2.239395081142942640e-02
-2.123305083102621296e-02
-2.007215085071388516e-02
-1.891125087040155389e-02
-1.775035089008922609e-02
-1.658945090977689482e-02
-1.542855092946456182e-02
-1.426765094915223228e-02
-1.310675096883990275e-02
-1.194585098852757148e-02
-1.078495100821524194e-02
-9.624051027902910671e-03
-8.463151047590581136e-03
-8.480908616612523737e-03
-8.498666186219770713e-03
-8.516423755827015954e-03
-8.534181325434261195e-03
-8.551938895041506436e-03
-8.569696464648753412e-03
-8.587454034255998653e-03
-8.605211603863243894e-03
-8.622969173470489135e-03
-8.640726743077734376e-03
-8.658484312684979617e-03
-8.676241882292228327e-03
-8.691441387758638837e-03
-8.706640893223750038e-03
-8.721840398688861240e-03
-8.737039904153975911e-03
-8.752239409619087113e-03
-8.767438915084201784e-03
-8.782638420549312985e-03
-8.797837926014425922e-03
-8.813037431479537123e-03
-8.828236936944651794e-03
-8.843436442409762996e-03
-8.858635947874877667e-03
-8.624059855638426322e-03
-8.389483763272490013e-03
-8.154907670906551970e-03
-7.920331578540615661e-03
-7.685755486174679352e-03
-7.451179393808742175e-03
-7.216603301442805866e-03
-6.982027209076868690e-03
-6.747451116710932381e-03
-6.512875024344996072e-03
-6.278298931979058896e-03
-6.043722839613122587e-03
-5.530036846825142453e-03
-5.016350853889421993e-03
-4.502664860953702400e-03
-3.988978868017982807e-03
-3.475292875082262780e-03
-2.961606882146542753e-03
-2.447920889210822726e-03
-1.934234896275102917e-03
-1.420548903339383107e-03
-9.068629104036637304e-04
-3.931769174679433242e-04
1.205090754677760927e-04
6.681408539058789585e-04
1.215772632362320440e-03
1.763404410818761921e-03
2.311036189275203837e-03
2.858667967731645318e-03
3.406299746188086799e-03
3.953931524644528281e-03
4.501563303100969762e-03
5.049195081557411244e-03
5.596826860013853593e-03
6.144458638470294207e-03
6.692090416926736555e-03
7.142902605368119801e-03
7.593714793756141217e-03
8.044526982144162633e-03
8.495339170532183182e-03
8.946151358920205465e-03
9.396963547308226014e-03
9.847775735696248298e-03
1.029858792408426885e-02
1.074940011247228940e-02
1.120021230086031168e-02
1.165102448924833223e-02
1.210183667763635278e-02
1.146513636839994153e-02
1.082843605855227619e-02
1.019173574870460910e-02
9.555035438856942023e-03
8.918335129009274942e-03
8.281634819161606126e-03
7.644934509313939912e-03
7.008234199466273698e-03
6.371533889618605749e-03
5.734833579770938668e-03
5.098133269923272454e-03
4.461432960075605372e-03
1.296969874574604173e-03
-1.867493212374758639e-03
-5.031956299324121668e-03
-8.196419386273483612e-03
-1.136088247322284729e-02
-1.452534556017220924e-02
-1.768980864712157292e-02
-2.085427173407093659e-02
-2.401873482102029680e-02
-2.718319790796966048e-02
-3.034766099491902763e-02
-3.351212408186839131e-02
-3.383441720137641412e-02
-3.415671031922491024e-02
-3.447900343707341331e-02
-3.480129655492191637e-02
-3.512358967277041250e-02
-3.544588279061890168e-02
-3.576817590846740474e-02
-3.609046902631590087e-02
-3.641276214416440393e-02
-3.673505526201290006e-02
-3.705734837986140312e-02
-3.737964149770989924e-02
-3.672733731659856560e-02
-3.607503313490754288e-02
-3.542272895321652015e-02
-3.477042477152548355e-02
-3.411812058983445389e-02
-3.346581640814342423e-02
-3.281351222645240151e-02
-3.216120804476137185e-02
-3.150890386307034219e-02
-3.085659968137931600e-02
-3.020429549968828634e-02
-2.955199131799725668e-02
-2.862860805184976043e-02
-2.770522478553806567e-02
-2.678184151922637091e-02
-2.585845825291467615e-02
-2.493507498660298138e-02
-2.401169172029128315e-02
-2.308830845397959186e-02
-2.216492518766789363e-02
-2.124154192135619887e-02
-2.031815865504450411e-02
-1.939477538873281282e-02
-1.847139212242111458e-02
-1.791238382761141390e-02
-1.735337553302640154e-02
-1.679436723844138918e-02
-1.623535894385637335e-02
-1.567635064927136099e-02
-1.511734235468634863e-02
-1.455833406010133627e-02
-1.399932576551632391e-02
-1.344031747093130981e-02
-1.288130917634629745e-02
-1.232230088176128509e-02
-1.176329258717627099e-02
-1.132515479354755279e-02
-1.088701699999468364e-02
-1.044887920644181623e-02
-1.001074141288894881e-02
-9.572603619336081393e-03
-9.134465825783213977e-03
-8.696328032230344826e-03
-8.258190238677479145e-03
-7.820052445124611729e-03
-7.381914651571743445e-03
-6.943776858018875162e-03
-6.505639064466007745e-03
-5.893798574195632453e-03
-5.281958083814352820e-03
-4.670117593433074053e-03
-4.058277103051795287e-03
-3.446436612670516521e-03
-2.834596122289237321e-03
-2.222755631907958555e-03
-1.610915141526679355e-03
-9.990746511454010222e-04
-3.872341607641218222e-04
2.246063296171564832e-04
8.364468199984357102e-04
1.337495677931431438e-03
1.838544535792481678e-03
2.339593393653531701e-03
2.840642251514581725e-03
3.341691109375632181e-03
3.842739967236682205e-03
4.343788825097732662e-03
4.844837682958781817e-03
5.345886540819832708e-03
5.846935398680882731e-03
6.347984256541932754e-03
6.849033114402982778e-03
7.263332244693625553e-03
7.677631374926987759e-03
8.091930505160349965e-03
8.506229635393712171e-03
8.920528765627076112e-03
9.334827895860436583e-03
9.749127026093798790e-03
1.016342615632716273e-02
1.057772528656052320e-02
1.099202441679388541e-02
1.140632354702724935e-02
1.182062267726061329e-02
1.123788835198006979e-02
1.065515402603030987e-02
1.007241970008055341e-02
9.489685374130795228e-03
8.906951048181035308e-03
8.324216722231277121e-03
7.741482396281518935e-03
7.158748070331760749e-03
6.576013744382002563e-03
5.993279418432244376e-03
5.410545092482487058e-03
4.827810766532728871e-03
4.121604939108252166e-03
3.415399111599552902e-03
2.709193284090854071e-03
2.002987456582155240e-03
1.296781629073455976e-03
5.905758015647571448e-04
-1.156300259439411982e-04
-8.218358534526400833e-04
-1.528041680961338914e-03
-2.234247508470038612e-03
-2.940453335978737443e-03
-3.646659163487436274e-03
-3.459342649127684129e-03
-3.272026134148690781e-03
-3.084709619169696566e-03
-2.897393104190702784e-03
-2.710076589211708568e-03
-2.522760074232714787e-03
-2.335443559253720571e-03
-2.148127044274727223e-03
-1.960810529295733007e-03
-1.773494014316739443e-03
-1.586177499337745444e-03
-1.398860984358751662e-03
-8.600008027856872973e-04
-3.211406209651544372e-04
2.177195608553784501e-04
7.565797426759114999e-04
1.295439924496444685e-03
1.834300106316977437e-03
2.373160288137510406e-03
2.912020469958043374e-03
3.450880651778576343e-03
3.989740833599109311e-03
4.528601015419643147e-03
5.067461197240175248e-03
5.655928447589940976e-03
6.244395697975169655e-03
6.832862948360398335e-03
7.421330198745627015e-03
8.009797449130854827e-03
8.598264699516081772e-03
9.186731949901310451e-03
9.775199200286540865e-03
1.036366645067176781e-02
1.095213370105699476e-02
1.154060095144222343e-02
1.212906820182745211e-02
1.269499373511616576e-02
1.326091926838851749e-02
1.382684480166087096e-02
1.439277033493322269e-02
1.495869586820557616e-02
1.552462140147792789e-02
1.609054693475028136e-02
1.665647246802263309e-02
1.722239800129498830e-02
1.778832353456734003e-02
1.835424906783969176e-02
1.892017460111204349e-02
1.942746997150555932e-02
1.993476534185588400e-02
2.044206071220620521e-02
2.094935608255652990e-02
2.145665145290685111e-02
2.196394682325717579e-02
2.247124219360749700e-02
2.297853756395782168e-02
2.348583293430814289e-02
2.399312830465846411e-02
2.450042367500878879e-02
2.500771904535911000e-02
2.530408890533845934e-02
2.560045876516011884e-02
2.589682862498177487e-02
2.619319848480343438e-02
2.648956834462509041e-02
2.678593820444674992e-02
2.708230806426840942e-02
2.737867792409006545e-02
2.767504778391172496e-02
2.797141764373338446e-02
2.826778750355504050e-02
2.856415736337670000e-02
2.836455668934400806e-02
2.816495601493511358e-02
2.796535534052622257e-02
2.776575466611732462e-02
2.756615399170843361e-02
2.736655331729953913e-02
2.716695264289064465e-02
2.696735196848175017e-02
2.676775129407285916e-02
2.656815061966396121e-02
2.636854994525506674e-02
2.616894927084617573e-02
2.601290539173747515e-02
2.585686151266228944e-02
2.570081763358710025e-02
2.554477375451191454e-02
2.538872987543673229e-02
2.523268599636154311e-02
2.507664211728635739e-02
2.492059823821117168e-02
2.476455435913598596e-02
2.460851048006080025e-02
2.445246660098561453e-02
2.429642272191042882e-02
2.438097841616050643e-02
2.446553411059832969e-02
2.455008980503615643e-02
2.463464549947398316e-02
2.471920119391180989e-02
2.480375688834963316e-02
2.488831258278745989e-02
2.497286827722528663e-02
2.505742397166311336e-02
2.514197966610094009e-02
2.522653536053876683e-02
2.531109105497659356e-02
2.546095484180545612e-02
2.561081862868599263e-02
2.576068241556653260e-02
2.591054620244706910e-02
2.606040998932760561e-02
2.621027377620814558e-02
2.636013756308867861e-02
2.651000134996921512e-02
2.665986513684975509e-02
2.680972892373029159e-02
2.695959271061083157e-02
2.710945649749136807e-02
2.710428450009409740e-02
2.709911250257246093e-02
2.709394050505082099e-02
2.708876850752918453e-02
2.708359651000754806e-02
2.707842451248590812e-02
2.707325251496427165e-02
2.706808051744263519e-02
2.706290851992099525e-02
2.705773652239935878e-02
2.705256452487771884e-02
2.704739252735608238e-02
2.706486438415015711e-02
2.708233624096264419e-02
2.709980809777513128e-02
2.711727995458761836e-02
2.713475181140010198e-02
2.715222366821259253e-02
2.716969552502507615e-02
2.718716738183756670e-02
2.720463923865005032e-02
2.722211109546253741e-02
2.723958295227502449e-02
2.725705480908751158e-02
2.741621555580164848e-02
2.757537630263253922e-02
2.773453704946342649e-02
2.789369779629431376e-02
2.805285854312520102e-02
2.821201928995609176e-02
2.837118003678697903e-02
2.853034078361786630e-02
2.868950153044875703e-02
2.884866227727964083e-02
2.900782302411053157e-02
2.916698377094141884e-02
2.937568857119427293e-02
2.958439337148849324e-02
2.979309817178271355e-02
3.000180297207693386e-02
3.021050777237115417e-02
3.041921257266537448e-02
3.062791737295959479e-02
3.083662217325381510e-02
3.104532697354803542e-02
3.125403177384225573e-02
3.146273657413647951e-02
3.167144137443069635e-02
3.160952089601538201e-02
3.154760041737116744e-02
3.148567993872695286e-02
3.142375946008273829e-02
3.136183898143852372e-02
3.129991850279430915e-02
3.123799802415009458e-02
3.117607754550587654e-02
3.111415706686166543e-02
3.105223658821745086e-02
3.099031610957323629e-02
3.092839563092901825e-02
3.063303477094058910e-02
3.033767391075215675e-02
3.004231305056373133e-02
2.974695219037530244e-02
2.945159133018687356e-02
2.915623046999844467e-02
2.886086960981001578e-02
2.856550874962158343e-02
2.827014788943315454e-02
2.797478702924472566e-02
2.767942616905629677e-02
2.738406530886786788e-02
2.740051598031367427e-02
2.741696665203003161e-02
2.743341732374638547e-02
2.744986799546273934e-02
2.746631866717909320e-02
2.748276933889545054e-02
2.749922001061180094e-02
2.751567068232815480e-02
2.753212135404450867e-02
2.754857202576086600e-02
2.756502269747721987e-02
2.758147336919357373e-02
2.755398849369876391e-02
2.752650361816535649e-02
2.749901874263194559e-02
2.747153386709853817e-02
2.744404899156512728e-02
2.741656411603171986e-02
2.738907924049830897e-02
2.736159436496489808e-02
2.733410948943149066e-02
2.730662461389807977e-02
2.727913973836467582e-02
2.725165486283126492e-02
2.702442915621029035e-02
2.679720344941165580e-02
2.656997774261301432e-02
2.634275203581437630e-02
2.611552632901573481e-02
2.588830062221710027e-02
2.566107491541845878e-02
2.543384920861982076e-02
2.520662350182117928e-02
2.497939779502254473e-02
2.475217208822390672e-02
2.452494638142526523e-02
2.436765903933330382e-02
2.421037169730431288e-02
2.405308435527532193e-02
2.389579701324633099e-02
2.373850967121734004e-02
2.358122232918834910e-02
2.342393498715935815e-02
2.326664764513036721e-02
2.310936030310137279e-02
2.295207296107238185e-02
2.279478561904339437e-02
2.263749827701439996e-02
2.267960845404782058e-02
2.272171863126295696e-02
2.276382880847809681e-02
2.280593898569322972e-02
2.284804916290836610e-02
2.289015934012349901e-02
2.293226951733863539e-02
2.297437969455376830e-02
2.301648987176890815e-02
2.305860004898404106e-02
2.310071022619917744e-02
2.314282040341431035e-02
2.321782150153013646e-02
2.329282259967629595e-02
2.336782369782245544e-02
2.344282479596861146e-02
2.351782589411477095e-02
2.359282699226093044e-02
2.366782809040708993e-02
2.374282918855324595e-02
2.381783028669940544e-02
2.389283138484556146e-02
2.396783248299172095e-02
2.404283358113788044e-02
2.430891453193277305e-02
2.457499548290597094e-02
2.484107643387916883e-02
2.510715738485236673e-02
2.537323833582556115e-02
2.563931928679876251e-02
2.590540023777195694e-02
2.617148118874515483e-02
2.643756213971835620e-02
2.670364309069155062e-02
2.696972404166475198e-02
2.723580499263794641e-02
2.748709582569017554e-02
2.773838665872844361e-02
2.798967749176670475e-02
2.824096832480497282e-02
2.849225915784323743e-02
2.874354999088150550e-02
2.899484082391977011e-02
2.924613165695803818e-02
2.949742248999630279e-02
2.974871332303457086e-02
3.000000415607283893e-02
3.025129498911110354e-02
3.032594677754156531e-02
3.040059856580333911e-02
3.047525035406511290e-02
3.054990214232688669e-02
3.062455393058866396e-02
3.069920571885043775e-02
3.077385750711221502e-02
3.084850929537398881e-02
3.092316108363576607e-02
3.099781287189753987e-02
3.107246466015931366e-02
3.114711644842108745e-02
3.128942455018952906e-02
3.143173265202332117e-02
3.157404075385711328e-02
3.171634885569089846e-02
3.185865695752469057e-02
3.200096505935848268e-02
3.214327316119226785e-02
3.228558126302605996e-02
3.242788936485985207e-02
3.257019746669363724e-02
3.271250556852742936e-02
3.285481367036122147e-02
3.296780802702470314e-02
3.308080238365955494e-02
3.319379674029440674e-02
3.330679109692925854e-02
3.341978545356411034e-02
3.353277981019896214e-02
3.364577416683381395e-02
3.375876852346866575e-02
3.387176288010351061e-02
3.398475723673836241e-02
3.409775159337321421e-02
3.421074595000806601e-02
3.434205920487139185e-02
3.447337245975281433e-02
3.460468571463422988e-02
3.473599896951564542e-02
3.486731222439706790e-02
3.499862547927848344e-02
3.512993873415989898e-02
3.526125198904132840e-02
3.539256524392274394e-02
3.552387849880416643e-02
3.565519175368558197e-02
3.578650500856699751e-02
3.572582805249644583e-02
3.566515109623417251e-02
3.560447413997190613e-02
3.554379718370963281e-02
3.548312022744735256e-02
3.542244327118507924e-02
3.536176631492280592e-02
3.530108935866053260e-02
3.524041240239825235e-02
3.517973544613597903e-02
3.511905848987370571e-02
3.505838153361143933e-02
3.492931599756003008e-02
3.480025046143957884e-02
3.467118492531913454e-02
3.454211938919868330e-02
3.441305385307823206e-02
3.428398831695778082e-02
3.415492278083733652e-02
3.402585724471688527e-02
3.389679170859643403e-02
3.376772617247598279e-02
3.363866063635553849e-02
3.350959510023508725e-02
3.351249572008507815e-02
3.351539634006973217e-02
3.351829696005438619e-02
3.352119758003904021e-02
3.352409820002369423e-02
3.352699882000835518e-02
3.352989943999300920e-02
3.353280005997766322e-02
3.353570067996231724e-02
3.353860129994697126e-02
3.354150191993162528e-02
3.354440253991628623e-02
3.360974312267642206e-02
3.367508370550095775e-02
3.374042428832549345e-02
3.380576487115002915e-02
3.387110545397456485e-02
3.393644603679910055e-02
3.400178661962363624e-02
3.406712720244817888e-02
3.413246778527271458e-02
3.419780836809724334e-02
3.426314895092178597e-02
3.432848953374632167e-02
3.438100986033871403e-02
3.443353018691773515e-02
3.448605051349676320e-02
3.453857084007579126e-02
3.459109116665481931e-02
3.464361149323384736e-02
3.469613181981286848e-02
3.474865214639190347e-02
3.480117247297093153e-02
3.485369279954995264e-02
3.490621312612898069e-02
3.495873345270800875e-02
3.514573283196303910e-02
3.533273221135969228e-02
3.551973159075634545e-02
3.570673097015300557e-02
3.589373034954966568e-02
3.608072972894631886e-02
3.626772910834297897e-02
3.645472848773963909e-02
3.664172786713629920e-02
3.682872724653295238e-02
3.701572662592961249e-02
3.720272600532627261e-02
3.747491280311472661e-02
3.774709960099384420e-02
3.801928639887294792e-02
3.829147319675205163e-02
3.856365999463116923e-02
3.883584679251027294e-02
3.910803359038939053e-02
3.938022038826849425e-02
3.965240718614759796e-02
3.992459398402671555e-02
4.019678078190581927e-02
4.046896757978492298e-02
4.056053131276344398e-02
4.065209504554778003e-02
4.074365877833211608e-02
4.083522251111645907e-02
4.092678624390080205e-02
4.101834997668513810e-02
4.110991370946947415e-02
4.120147744225381714e-02
4.129304117503815319e-02
4.138460490782249618e-02
4.147616864060683917e-02
4.156773237339116828e-02
4.162059267565955401e-02
4.167345297788590391e-02
4.172631328011226076e-02
4.177917358233860373e-02
4.183203388456496058e-02
4.188489418679130355e-02
4.193775448901766040e-02
4.199061479124401031e-02
4.204347509347036022e-02
4.209633539569671706e-02
4.214919569792306697e-02
4.220205600014941688e-02
4.216257414394798675e-02
4.212309228764526958e-02
4.208361043134255935e-02
4.204412857503984913e-02
4.200464671873713196e-02
4.196516486243441479e-02
4.192568300613169763e-02
4.188620114982898740e-02
4.184671929352627717e-02
4.180723743722356001e-02
4.176775558092084284e-02
4.172827372461812567e-02
4.161616190417976452e-02
4.150405008366094689e-02
4.139193826314213620e-02
4.127982644262331857e-02
4.116771462210449400e-02
4.105560280158567638e-02
4.094349098106685875e-02
4.083137916054804112e-02
4.071926734002922349e-02
4.060715551951040586e-02
4.049504369899158823e-02
4.038293187847276366e-02
4.027557846096520289e-02
4.016822504346296424e-02
4.006087162596072559e-02
3.995351820845848001e-02
3.984616479095624830e-02
3.973881137345400272e-02
3.963145795595177101e-02
3.952410453844952543e-02
3.941675112094727984e-02
3.930939770344504813e-02
3.920204428594280255e-02
3.909469086844057084e-02
3.892905301630094489e-02
3.876341516409548271e-02
3.859777731189002054e-02
3.843213945968456530e-02
3.826650160747910312e-02
3.810086375527364094e-02
3.793522590306818570e-02
3.776958805086273047e-02
3.760395019865726829e-02
3.743831234645181305e-02
3.727267449424635087e-02
3.710703664204088870e-02
3.712257648787508496e-02
3.713811633391591455e-02
3.715365617995674413e-02
3.716919602599757372e-02
3.718473587203840330e-02
3.720027571807923289e-02
3.721581556412006941e-02
3.723135541016089206e-02
3.724689525620172165e-02
3.726243510224255817e-02
3.727797494828338082e-02
3.729351479432421734e-02
3.743083560508571328e-02
3.756815641598743039e-02
3.770547722688915443e-02
3.784279803779087847e-02
3.798011884869260252e-02
3.811743965959431962e-02
3.825476047049604367e-02
3.839208128139776077e-02
3.852940209229948482e-02
3.866672290320120886e-02
3.880404371410293290e-02
3.894136452500465001e-02
3.919515079144413744e-02
3.944893705801900269e-02
3.970272332459386100e-02
3.995650959116872625e-02
4.021029585774357762e-02
4.046408212431844287e-02
4.071786839089330812e-02
4.097165465746815949e-02
4.122544092404302474e-02
4.147922719061788999e-02
4.173301345719274830e-02
4.198679972376760661e-02
4.237359863631065537e-02
4.276039754900974599e-02
4.314719646170885048e-02
4.353399537440794803e-02
4.392079428710704558e-02
4.430759319980614314e-02
4.469439211250524069e-02
4.508119102520434518e-02
4.546798993790344273e-02
4.585478885060254722e-02
4.624158776330163784e-02
4.662838667600073539e-02
4.687223542995152398e-02
4.711608418373302437e-02
4.735993293751453170e-02
4.760378169129603904e-02
4.784763044507753943e-02
4.809147919885904676e-02
4.833532795264055409e-02
4.857917670642206143e-02
4.882302546020356876e-02
4.906687421398507609e-02
4.931072296776657649e-02
4.955457172154808382e-02
4.945907969497195800e-02
4.936358766799029546e-02
4.926809564100863292e-02
4.917260361402697039e-02
4.907711158704530785e-02
4.898161956006365225e-02
4.888612753308198278e-02
4.879063550610032024e-02
4.869514347911866464e-02
4.859965145213699517e-02
4.850415942515533263e-02
4.840866739817367703e-02
4.794309971725375236e-02
4.747753203588752496e-02
4.701196435452131145e-02
4.654639667315508406e-02
4.608082899178885666e-02
4.561526131042262927e-02
4.514969362905640882e-02
4.468412594769018836e-02
4.421855826632396097e-02
4.375299058495773358e-02
4.328742290359150618e-02
4.282185522222528573e-02
4.223021241287247540e-02
4.163856960336623225e-02
4.104692679386000298e-02
4.045528398435375983e-02
3.986364117484752362e-02
3.927199836534129435e-02
3.868035555583505120e-02
3.808871274632882192e-02
3.749706993682258571e-02
3.690542712731634256e-02
3.631378431781011329e-02
3.572214150830387014e-02
3.354438062206739624e-02
3.136661973388345931e-02
2.918885884569952238e-02
2.701109795751558892e-02
2.483333706933164853e-02
2.265557618114771160e-02
2.047781529296377120e-02
1.830005440477983775e-02
1.612229351659589735e-02
1.394453262841196042e-02
1.176677174022802176e-02
9.589010852044084834e-03
6.493242549900015044e-03
3.397474246618779371e-03
3.017059433375437528e-04
-2.794062359943691540e-03
-5.889830663224925045e-03
-8.985598966506162452e-03
-1.208136726978739639e-02
-1.517713557306863380e-02
-1.827290387634986774e-02
-2.136867217963109994e-02
-2.446444048291233908e-02
-2.756020878619357128e-02
-2.853043364678578206e-02
-2.950065850472181547e-02
-3.047088336265784889e-02
-3.144110822059388577e-02
-3.241133307852991918e-02
-3.338155793646595260e-02
-3.435178279440198601e-02
-3.532200765233801942e-02
-3.629223251027405978e-02
-3.726245736821008625e-02
-3.823268222614612660e-02
-3.920290708408215308e-02
-3.893644121338270953e-02
-3.866997534112434631e-02
-3.840350946886599004e-02
-3.813704359660762683e-02
-3.787057772434926362e-02
-3.760411185209090040e-02
-3.733764597983253719e-02
-3.707118010757418092e-02
-3.680471423531581771e-02
-3.653824836305745449e-02
-3.627178249079909128e-02
-3.600531661854072807e-02
-3.530329013214488637e-02
-3.460126364519523073e-02
-3.389923715824557510e-02
-3.319721067129592640e-02
-3.249518418434627076e-02
-3.179315769739662206e-02
-3.109113121044696990e-02
-3.038910472349731773e-02
-2.968707823654766556e-02
-2.898505174959801339e-02
-2.828302526264836123e-02
-2.758099877569870906e-02
-2.756842911575371410e-02
-2.755585945669286260e-02
-2.754328979763201457e-02
-2.753072013857117001e-02
-2.751815047951032198e-02
-2.750558082044947394e-02
-2.749301116138862938e-02
-2.748044150232778135e-02
-2.746787184326693332e-02
-2.745530218420608876e-02
-2.744273252514523725e-02
-2.743016286608438922e-02
-2.779438170986949300e-02
-2.815860055414189447e-02
-2.852281939841429942e-02
-2.888703824268670436e-02
-2.925125708695910931e-02
-2.961547593123151426e-02
-2.997969477550391573e-02
-3.034391361977632068e-02
-3.070813246404872562e-02
-3.107235130832113057e-02
-3.143657015259353205e-02
-3.180078899686593352e-02
-3.120196054872814706e-02
-3.060313209933433753e-02
-3.000430364994052801e-02
-2.940547520054671848e-02
-2.880664675115291243e-02
-2.820781830175910290e-02
-2.760898985236529338e-02
-2.701016140297148385e-02
-2.641133295357767433e-02
-2.581250450418386480e-02
-2.521367605479005528e-02
-2.461484760539624575e-02
-2.358887985151032762e-02
-2.256291209706267134e-02
-2.153694434261501159e-02
-2.051097658816735184e-02
-1.948500883371969208e-02
-1.845904107927202886e-02
-1.743307332482436911e-02
-1.640710557037670936e-02
-1.538113781592905134e-02
-1.435517006148139159e-02
-1.332920230703373184e-02
-1.230323455258607035e-02
-1.139500838028238705e-02
-1.048678220813483060e-02
-9.578556035987275882e-03
-8.670329863839721166e-03
-7.762103691692165582e-03
-6.853877519544611732e-03
-5.945651347397057015e-03
-5.037425175249501431e-03
-4.129199003101946715e-03
-3.220972830954391998e-03
-2.312746658806836414e-03
-1.404520486659282781e-03
-9.805191297853719113e-04
-5.565177735588498677e-04
-1.325164173323276887e-04
2.914849388941943820e-04
7.154862951207163714e-04
1.139487651347238523e-03
1.563489007573760567e-03
1.987490363800283044e-03
2.411491720026805088e-03
2.835493076253327131e-03
3.259494432479849175e-03
3.683495788706371652e-03
3.706488720515938983e-03
3.729481651784999005e-03
3.752474583054058593e-03
3.775467514323118615e-03
3.798460445592178637e-03
3.821453376861238226e-03
3.844446308130298248e-03
3.867439239399358703e-03
3.890432170668418291e-03
3.913425101937478313e-03
3.936418033206537902e-03
3.959410964475597490e-03
3.089064937446125807e-03
2.218718909202798718e-03
1.348372880959470979e-03
4.780268527161434032e-04
-3.923191755271840647e-04
-1.262665203770512020e-03
-2.133011232013838892e-03
-3.003357260257166848e-03
-3.873703288500493936e-03
-4.744049316743822325e-03
-5.614395344987148546e-03
-6.484741373230478237e-03
-6.364876421560340669e-03
-6.245011468533912154e-03
-6.125146515507484506e-03
-6.005281562481056858e-03
-5.885416609454629210e-03
-5.765551656428199827e-03
-5.645686703401772179e-03
-5.525821750375344531e-03
-5.405956797348916883e-03
-5.286091844322488367e-03
-5.166226891296060719e-03
-5.046361938269633071e-03
-4.416399525337383510e-03
-3.786437111700886090e-03
-3.156474698064389538e-03
-2.526512284427892552e-03
-1.896549870791395783e-03
-1.266587457154898580e-03
-6.366250435184014856e-04
-6.662629881905353531e-06
6.232997837545917273e-04
1.253262197391088930e-03
1.883224611027585916e-03
2.513187024664082034e-03
3.049050101227294973e-03
3.584913177659566214e-03
4.120776254091837454e-03
4.656639330524107827e-03
5.192502406956379934e-03
5.728365483388650307e-03
6.264228559820920680e-03
6.800091636253192788e-03
7.335954712685463161e-03
7.871817789117734401e-03
8.407680865550005642e-03
8.943543941982275147e-03
9.385156488313567066e-03
9.826769034512676526e-03
1.026838158071178599e-02
1.070999412691089371e-02
1.115160667311000317e-02
1.159321921930911437e-02
1.203483176550822209e-02
1.247644431170733328e-02
1.291805685790644274e-02
1.335966940410555220e-02
1.380128195030466166e-02
1.424289449650377112e-02
1.475524798809004987e-02
1.526760147977631113e-02
1.577995497146256892e-02
1.629230846314883019e-02
1.680466195483509145e-02
1.731701544652135272e-02
1.782936893820761398e-02
1.834172242989387525e-02
1.885407592158013304e-02
1.936642941326639430e-02
1.987878290495265557e-02
2.039113639663891336e-02
2.079427179903550402e-02
2.119740720127653161e-02
2.160054260351756614e-02
2.200367800575859720e-02
2.240681340799962479e-02
2.280994881024065585e-02
2.321308421248169038e-02
2.361621961472271797e-02
2.401935501696374903e-02
2.442249041920478356e-02
2.482562582144581462e-02
2.522876122368684221e-02
2.294476911825224855e-02
2.066077700896112868e-02
1.837678489967001574e-02
1.609279279037889587e-02
1.380880068108777947e-02
1.152480857179666307e-02
9.240816462505546669e-03
6.956824353214431135e-03
4.672832243923312999e-03
2.388840134632198332e-03
1.048480253410801692e-04
-2.179144083950034037e-03
-5.111139954037539727e-03
-8.043135825062120922e-03
-1.097513169608670125e-02
-1.390712756711128331e-02
-1.683912343813586190e-02
-1.977111930916044397e-02
-2.270311518018502603e-02
-2.563511105120960809e-02
-2.856710692223418668e-02
-3.149910279325876528e-02
-3.443109866428335081e-02
-3.736309453530792940e-02
-3.748229339307745933e-02
-3.760149224674871199e-02
-3.772069110041996465e-02
-3.783988995409121731e-02
-3.795908880776246302e-02
-3.807828766143371568e-02
-3.819748651510496834e-02
-3.831668536877622100e-02
-3.843588422244747366e-02
-3.855508307611872632e-02
-3.867428192978997897e-02
-3.879348078346122469e-02
-3.804362103462389372e-02
-3.729376128451084016e-02
-3.654390153439778660e-02
-3.579404178428473998e-02
-3.504418203417169336e-02
-3.429432228405864674e-02
-3.354446253394560012e-02
-3.279460278383254657e-02
-3.204474303371949995e-02
-3.129488328360644639e-02
-3.054502353349339977e-02
-2.979516378338034968e-02
-2.924941885939178615e-02
-2.870367393570506798e-02
-2.815792901201835327e-02
-2.761218408833163857e-02
-2.706643916464492733e-02
-2.652069424095821262e-02
-2.597494931727149792e-02
-2.542920439358478321e-02
-2.488345946989806504e-02
-2.433771454621135380e-02
-2.379196962252463909e-02
-2.324622469883792439e-02
-2.261278226944430161e-02
-2.197933983992003334e-02
-2.134589741039576855e-02
-2.071245498087150028e-02
-2.007901255134722854e-02
-1.944557012182296374e-02
-1.881212769229869547e-02
-1.817868526277442720e-02
-1.754524283325015546e-02
-1.691180040372589066e-02
-1.627835797420162239e-02
-1.564491554467735412e-02
-1.485949785415455540e-02
-1.407408016340368911e-02
-1.328866247265282283e-02
-1.250324478190195827e-02
-1.171782709115109199e-02
-1.093240940040022743e-02
-1.014699170964936288e-02
-9.361574018898498328e-03
-8.576156328147632041e-03
-7.790738637396767488e-03
-7.005320946645902935e-03
-6.219903255895037515e-03
-5.397057656693568690e-03
-4.574212057435522727e-03
-3.751366458177478932e-03
-2.928520858919434269e-03
-2.105675259661389173e-03
-1.282829660403344944e-03
-4.599840611452997398e-04
3.628615381127445975e-04
1.185707137370788826e-03
2.008552736628834139e-03
2.831398335886878368e-03
3.654243935144922597e-03
4.238667063271617762e-03
4.823090191035316401e-03
5.407513318799014174e-03
5.991936446562711946e-03
6.576359574326410586e-03
7.160782702090108358e-03
7.745205829853806997e-03
8.329628957617504770e-03
8.914052085381202542e-03
9.498475213144902049e-03
1.008289834090859982e-02
1.066732146867229759e-02
8.669648761826088609e-03
6.671976051020473038e-03
4.674303340214857466e-03
2.676630629409241895e-03
6.789579186036264315e-04
-1.318714792201989899e-03
-3.316387503007604386e-03
-5.314060213813220392e-03
-7.311732924618836831e-03
-9.309405635424450667e-03
-1.130707834623006884e-02
-1.330475105703568355e-02
-1.832467136508801261e-02
-2.334459167780766550e-02
-2.836451199052731839e-02
-3.338443230324697475e-02
-3.840435261596662764e-02
-4.342427292868627359e-02
-4.844419324140593341e-02
-5.346411355412558630e-02
-5.848403386684523919e-02
-6.350395417956489208e-02
-6.852387449228454497e-02
-7.354379480500419786e-02
-7.394357188243300127e-02
-7.434334895267637189e-02
-7.474312602291975638e-02
-7.514290309316314087e-02
-7.554268016340652536e-02
-7.594245723364989598e-02
-7.634223430389329434e-02
-7.674201137413666496e-02
-7.714178844438003557e-02
-7.754156551462342006e-02
-7.794134258486680455e-02
-7.834111965511018905e-02
-7.721517663267554732e-02
-7.608923360785138645e-02
-7.496329058302722559e-02
-7.383734755820306472e-02
-7.271140453337890386e-02
-7.158546150855474299e-02
-7.045951848373058213e-02
-6.933357545890643514e-02
-6.820763243408227428e-02
-6.708168940925811341e-02
-6.595574638443396642e-02
-6.482980335960980556e-02
-6.345343325687205494e-02
-6.207706315373937717e-02
-6.070069305060669246e-02
-5.932432294747401469e-02
-5.794795284434132304e-02
-5.657158274120863833e-02
-5.519521263807595363e-02
-5.381884253494327586e-02
-5.244247243181059115e-02
-5.106610232867790644e-02
-4.968973222554522173e-02
-4.831336212241254396e-02
-4.713145483166253369e-02
-4.594954754122133195e-02
-4.476764025078013021e-02
-4.358573296033892153e-02
-4.240382566989771979e-02
-4.122191837945651804e-02
-4.004001108901530936e-02
-3.885810379857410762e-02
-3.767619650813290588e-02
-3.649428921769171108e-02
-3.531238192725049546e-02
-3.413047463680929372e-02
-3.305931428916245723e-02
-3.198815394169269438e-02
-3.091699359422292806e-02
-2.984583324675316174e-02
-2.877467289928339542e-02
-2.770351255181362909e-02
-2.663235220434386277e-02
-2.556119185687409645e-02
-2.449003150940433013e-02
-2.341887116193456381e-02
-2.234771081446479402e-02
-2.127655046699503116e-02
-2.025040824353338195e-02
-1.922426602014420602e-02
-1.819812379675502315e-02
-1.717198157336584721e-02
-1.614583934997666781e-02
-1.511969712658749188e-02
-1.409355490319831421e-02
-1.306741267980913480e-02
-1.204127045641995714e-02
-1.101512823303077600e-02
-9.988986009641598329e-03
-8.962843786252420661e-03
-8.012674034241395321e-03
-7.062504282353499786e-03
-6.112334530465605119e-03
-5.162164778577709584e-03
-4.211995026689814049e-03
-3.261825274801918514e-03
-2.311655522914023847e-03
-1.361485771026127879e-03
-4.113160191382331026e-04
5.388537327496617816e-04
1.489023484637557642e-03
2.439193236525453393e-03
3.247705547777346522e-03
4.056217858798106396e-03
4.864730169818866704e-03
5.673242480839626144e-03
6.481754791860386451e-03
7.290267102881146759e-03
8.098779413901906199e-03
8.907291724922668241e-03
9.715804035943426814e-03
1.052431634696418712e-02
1.133282865798494743e-02
1.214134096900570774e-02
1.273581146162779121e-02
1.333028195389830001e-02
1.392475244616881054e-02
1.451922293843932107e-02
1.511369343070982987e-02
1.570816392298033867e-02
1.630263441525085094e-02
1.689710490752135974e-02
1.749157539979186854e-02
1.808604589206237734e-02
1.868051638433288614e-02
1.927498687660339841e-02
1.974289336490498217e-02
2.021079985299729584e-02
2.067870634108961297e-02
2.114661282918193011e-02
2.161451931727424725e-02
2.208242580536656438e-02
2.255033229345887805e-02
2.301823878155119171e-02
2.348614526964350885e-02
2.395405175773582598e-02
2.442195824582814312e-02
2.488986473392045679e-02
2.505211992408069160e-02
2.521437511373220489e-02
2.537663030338372511e-02
2.553888549303524186e-02
2.570114068268675514e-02
2.586339587233827536e-02
2.602565106198979211e-02
2.618790625164131233e-02
2.635016144129282561e-02
2.651241663094434237e-02
2.667467182059586259e-02
2.683692701024737587e-02
2.696548030558575809e-02
2.709403360086767507e-02
2.722258689614959898e-02
2.735114019143151595e-02
2.747969348671343640e-02
2.760824678199535337e-02
2.773680007727727728e-02
2.786535337255919773e-02
2.799390666784111470e-02
2.812245996312303861e-02
2.825101325840495559e-02
2.837956655368687603e-02
2.837847058332993583e-02
2.837737461275437884e-02
2.837627864217882184e-02
2.837518267160326485e-02
2.837408670102771133e-02
2.837299073045215780e-02
2.837189475987659734e-02
2.837079878930104382e-02
2.836970281872548683e-02
2.836860684814993330e-02
2.836751087757437284e-02
2.836641490699881932e-02
2.830468519471364755e-02
2.824295548232557199e-02
2.818122576993749989e-02
2.811949605754942086e-02
2.805776634516134529e-02
2.799603663277326973e-02
2.793430692038519417e-02
2.787257720799712207e-02
2.781084749560904651e-02
2.774911778322097095e-02
2.768738807083289885e-02
2.762565835844482329e-02
2.757815501970866875e-02
2.753065168099681770e-02
2.748314834228496317e-02
2.743564500357311212e-02
2.738814166486126106e-02
2.734063832614941000e-02
2.729313498743755895e-02
2.724563164872570442e-02
2.719812831001385336e-02
2.715062497130199884e-02
2.710312163259014778e-02
2.705561829387829326e-02
2.681278709560201354e-02
2.656995589698997462e-02
2.632712469837793223e-02
2.608429349976589678e-02
2.584146230115385440e-02
2.559863110254181548e-02
2.535579990392977309e-02
2.511296870531773764e-02
2.487013750670569526e-02
2.462730630809365287e-02
2.438447510948161742e-02
2.414164391086957503e-02
2.380703137189630822e-02
2.347241883276427257e-02
2.313780629363223346e-02
2.280319375450019781e-02
2.246858121536816216e-02
2.213396867623612305e-02
2.179935613710408740e-02
2.146474359797204828e-02
2.113013105884001611e-02
2.079551851970797699e-02
2.046090598057594134e-02
2.012629344144390223e-02
2.004965086210626704e-02
1.997300828321769278e-02
1.989636570432912199e-02
1.981972312544055120e-02
1.974308054655197694e-02
1.966643796766340963e-02
1.958979538877483537e-02
1.951315280988626805e-02
1.943651023099769379e-02
1.935986765210911953e-02
1.928322507322055221e-02
1.920658249433197795e-02
1.908491181195066944e-02
1.896324112949048304e-02
1.884157044703030012e-02
1.871989976457011373e-02
1.859822908210992734e-02
1.847655839964974442e-02
1.835488771718955803e-02
1.823321703472937511e-02
1.811154635226918871e-02
1.798987566980900232e-02
1.786820498734881940e-02
1.774653430488863301e-02
1.769608415117874048e-02
1.764563399759438295e-02
1.759518384401002541e-02
1.754473369042566788e-02
1.749428353684131035e-02
1.744383338325695282e-02
1.739338322967259529e-02
1.734293307608823775e-02
1.729248292250387675e-02
1.724203276891951922e-02
1.719158261533516516e-02
1.714113246175080416e-02
1.712575804041236577e-02
1.711038361913613109e-02
1.709500919785989642e-02
1.707963477658366175e-02
1.706426035530742708e-02
1.704888593403119240e-02
1.703351151275496120e-02
1.701813709147872652e-02
1.700276267020249185e-02
1.698738824892625718e-02
1.697201382765002597e-02
1.695663940637379130e-02
1.696884580489494906e-02
1.698105220346532440e-02
1.699325860203569974e-02
1.700546500060607855e-02
1.701767139917645388e-02
1.702987779774682922e-02
1.704208419631720456e-02
1.705429059488757990e-02
1.706649699345795523e-02
1.707870339202833057e-02
1.709090979059870591e-02
1.710311618916908125e-02
1.711086126638233090e-02
1.711860634358757308e-02
1.712635142079281178e-02
1.713409649799805742e-02
1.714184157520329613e-02
1.714958665240853830e-02
1.715733172961378047e-02
1.716507680681901918e-02
1.717282188402426135e-02
1.718056696122950353e-02
1.718831203843474223e-02
1.719605711563998440e-02
1.721909565163511416e-02
1.724213418765786765e-02
1.726517272368062114e-02
1.728821125970337463e-02
1.731124979572613160e-02
1.733428833174888509e-02
1.735732686777163858e-02
1.738036540379439554e-02
1.740340393981714556e-02
1.742644247583990252e-02
1.744948101186265255e-02
1.747251954788540951e-02
1.749555808390814565e-02
1.751859661993087833e-02
1.754163515595361447e-02
1.756467369197634715e-02
1.758771222799908329e-02
1.761075076402181944e-02
1.763378930004455558e-02
1.765682783606728826e-02
1.767986637209002440e-02
1.770290490811275708e-02
1.772594344413549322e-02
1.774898198015822590e-02
1.777202051618096204e-02
1.779505905220369472e-02
1.781809758822643086e-02
1.784113612424917047e-02
1.786417466027190315e-02
