3.283082450821271040e-03
3.270263782270717637e-03
3.257445113720164667e-03
3.244626445169610830e-03
3.231807776619057427e-03
3.218989108068504457e-03
3.206170439517950620e-03
3.196083287205105788e-03
3.185996134892275702e-03
3.175908982579445615e-03
3.165821830266615528e-03
3.155734677953785441e-03
3.145647525640955355e-03
3.135560373328125268e-03
3.125473221015295181e-03
3.115386068702465094e-03
3.105298916389635008e-03
3.095211764076804921e-03
3.085124611763974834e-03
3.068995139917128374e-03
3.052865668070183468e-03
3.036736196223238562e-03
3.020606724376293222e-03
3.004477252529348316e-03
2.988347780682402977e-03
2.972218308835458071e-03
2.956088836988513165e-03
2.939959365141567825e-03
2.923829893294622485e-03
2.907700421447677579e-03
2.891570949600732673e-03
2.878882851077825978e-03
2.866194752555013391e-03
2.853506654032200805e-03
2.840818555509388218e-03
2.828130456986575631e-03
2.815442358463763044e-03
2.802754259940950458e-03
2.790066161418137871e-03
2.777378062895325284e-03
2.764689964372512698e-03
2.752001865849700111e-03
2.739313767326887524e-03
2.737505229179854234e-03
2.735696691033236844e-03
2.733888152886619020e-03
2.732079614740001629e-03
2.730271076593384239e-03
2.728462538446766849e-03
2.726654000300149025e-03
2.724845462153531635e-03
2.723036924006914244e-03
2.721228385860296421e-03
2.719419847713679030e-03
2.717611309567061640e-03
2.716152070970559180e-03
2.714692832374074067e-03
2.713233593777588954e-03
2.711774355181103841e-03
2.710315116584618728e-03
2.708855877988133615e-03
2.707396639391648503e-03
2.705937400795163390e-03
2.704478162198678277e-03
2.703018923602193164e-03
2.701559685005708051e-03
2.700100446409222938e-03
2.698915082312627282e-03
2.697729718216047672e-03
2.696544354119468061e-03
2.695358990022888451e-03
2.694173625926308841e-03
2.692988261829729231e-03
2.691802897733150055e-03
2.690617533636570444e-03
2.689432169539991268e-03
2.688246805443411224e-03
2.687061441346831614e-03
2.685876077250252437e-03
2.684905486559257311e-03
2.683934895868277364e-03
2.682964305177296983e-03
2.681993714486317036e-03
2.681023123795337089e-03
2.680052533104357142e-03
2.679081942413377194e-03
2.678111351722396814e-03
2.677140761031416866e-03
2.676170170340436919e-03
2.675199579649457406e-03
2.674228988958477025e-03
2.664343934943576558e-03
2.654458880927946206e-03
2.644573826912315854e-03
2.634688772896685936e-03
2.624803718881056017e-03
2.614918664865425665e-03
2.605033610849795747e-03
2.595148556834165395e-03
2.585263502818535043e-03
2.575378448802905125e-03
2.565493394787274773e-03
2.555608340771644855e-03
2.555996294729023788e-03
2.556384248687355951e-03
2.556772202645687681e-03
2.557160156604019845e-03
2.557548110562352008e-03
2.557936064520684172e-03
2.558324018479015902e-03
2.558711972437348065e-03
2.559099926395680229e-03
2.559487880354012392e-03
2.559875834312344122e-03
2.560263788270676286e-03
2.568708585245693329e-03
2.577153382221546076e-03
2.585598179197398389e-03
2.594042976173250702e-03
2.602487773149103015e-03
2.610932570124955762e-03
2.619377367100808075e-03
2.627822164076660822e-03
2.636266961052513135e-03
2.644711758028365448e-03
2.653156555004217761e-03
2.661601351980070074e-03
2.668183637647830123e-03
2.674765923315376367e-03
2.681348208982922178e-03
2.687930494650468422e-03
2.694512780318014666e-03
2.701095065985560911e-03
2.707677351653106721e-03
2.714259637320652965e-03
2.720841922988199643e-03
2.727424208655745454e-03
2.734006494323291698e-03
2.740588779990837942e-03
2.745711813816483458e-03
2.750834847641945528e-03
2.755957881467408031e-03
2.761080915292870534e-03
2.766203949118332603e-03
2.771326982943794672e-03
2.776450016769257175e-03
2.781573050594719678e-03
2.786696084420181747e-03
2.791819118245644250e-03
2.796942152071106753e-03
2.802065185896568823e-03
2.806044946905179426e-03
2.810024707913633905e-03
2.814004468922088383e-03
2.817984229930542862e-03
2.821963990938997340e-03
2.825943751947452252e-03
2.829923512955906731e-03
2.833903273964360776e-03
2.837883034972815688e-03
2.841862795981270166e-03
2.845842556989724645e-03
2.849822317998179557e-03
2.844723578729695199e-03
2.839624839459873370e-03
2.834526100190051540e-03
2.829427360920230144e-03
2.824328621650408315e-03
2.819229882380586919e-03
2.814131143110765090e-03
2.809032403840943260e-03
2.803933664571121864e-03
2.798834925301300035e-03
2.793736186031478205e-03
2.788637446761656809e-03
2.784601003564614145e-03
2.780564560367739316e-03
2.776528117170864920e-03
2.772491673973990090e-03
2.768455230777115261e-03
2.764418787580240865e-03
2.760382344383366035e-03
2.756345901186491205e-03
2.752309457989616810e-03
2.748273014792741980e-03
2.744236571595867584e-03
2.740200128398992754e-03
2.736096124660401720e-03
2.731992120921799844e-03
2.727888117183197968e-03
2.723784113444595659e-03
2.719680109705993783e-03
2.715576105967391473e-03
2.711472102228789597e-03
2.707368098490187287e-03
2.703264094751585411e-03
2.699160091012983102e-03
2.695056087274381226e-03
2.690952083535778916e-03
2.679511827986463118e-03
2.668071572435825461e-03
2.656631316885188238e-03
2.645191061334550581e-03
2.633750805783913792e-03
2.622310550233276135e-03
2.610870294682638912e-03
2.599430039132001255e-03
2.587989783581364465e-03
2.576549528030726809e-03
2.565109272480089585e-03
2.553669016929452362e-03
2.544656251527247122e-03
2.535643486125505920e-03
2.526630720723764718e-03
2.517617955322023517e-03
2.508605189920281881e-03
2.499592424518540246e-03
2.490579659116799044e-03
2.481566893715057842e-03
2.472554128313316207e-03
2.463541362911575005e-03
2.454528597509833803e-03
2.445515832108092601e-03
2.430222547001622060e-03
2.414929261893883870e-03
2.399635976786145247e-03
2.384342691678406623e-03
2.369049406570668433e-03
2.353756121462929809e-03
2.338462836355191185e-03
2.323169551247453429e-03
2.307876266139714805e-03
2.292582981031976181e-03
2.277289695924237991e-03
2.261996410816499367e-03
2.241775060916002382e-03
2.221553711014456322e-03
2.201332361112910696e-03
2.181111011211365070e-03
2.160889661309819444e-03
2.140668311408272951e-03
2.120446961506727325e-03
2.100225611605181699e-03
2.080004261703636073e-03
2.059782911802090014e-03
2.039561561900543954e-03
2.019340211998998328e-03
2.003433377763019427e-03
1.987526543528006333e-03
1.971619709292992805e-03
1.955712875057979711e-03
1.939806040822966400e-03
1.923899206587953306e-03
1.907992372352939996e-03
1.892085538117926685e-03
1.876178703882913374e-03
1.860271869647900063e-03
1.844365035412886752e-03
1.828458201177873442e-03
1.815932325758150192e-03
1.803406450339220578e-03
1.790880574920290748e-03
1.778354699501360700e-03
1.765828824082430869e-03
1.753302948663501039e-03
1.740777073244571425e-03
1.728251197825641594e-03
1.715725322406711764e-03
1.703199446987781716e-03
1.690673571568852319e-03
1.678147696149922272e-03
1.651005533681993223e-03
1.623863371210474815e-03
1.596721208738956840e-03
1.569579046267438431e-03
1.542436883795920239e-03
1.515294721324401831e-03
1.488152558852883639e-03
1.461010396381365447e-03
1.433868233909847256e-03
1.406726071438328847e-03
1.379583908966810655e-03
1.352441746495292463e-03
1.331097853987022860e-03
1.309753961480240349e-03
1.288410068973457837e-03
1.267066176466675326e-03
1.245722283959893031e-03
1.224378391453110520e-03
1.203034498946328008e-03
1.181690606439545497e-03
1.160346713932762985e-03
1.139002821425980473e-03
1.117658928919197962e-03
1.096315036412415450e-03
1.071331961732850495e-03
1.046348887052312359e-03
1.021365812371774224e-03
9.963827376912363053e-04
9.713996630106982782e-04
9.464165883301601427e-04
9.214335136496220073e-04
8.964504389690840886e-04
8.714673642885459532e-04
8.464842896080078177e-04
8.215012149274696822e-04
7.965181402469316552e-04
7.686767730543095150e-04
7.408354058608917873e-04
7.129940386674741681e-04
6.851526714740564404e-04
6.573113042806387127e-04
6.294699370872210934e-04
6.016285698938033657e-04
5.737872027003857464e-04
5.459458355069680188e-04
5.181044683135502911e-04
4.902631011201326718e-04
4.624217339267149983e-04
4.486996128689407044e-04
4.349774918152498953e-04
4.212553707615591405e-04
4.075332497078682772e-04
3.938111286541775224e-04
3.800890076004867133e-04
3.663668865467959584e-04
3.526447654931051494e-04
3.389226444394143403e-04
3.252005233857235855e-04
3.114784023320327764e-04
2.977562812783420216e-04
2.778392017761165339e-04
2.579221222720317480e-04
2.380050427679469079e-04
2.180879632638621491e-04
1.981708837597773089e-04
1.782538042556925501e-04
1.583367247516077371e-04
1.384196452475229511e-04
1.185025657434381517e-04
9.858548623935335219e-05
7.866840673526852561e-05
5.875132723118375324e-05
4.305551397184784998e-05
2.735970071382495960e-05
1.166388745580207599e-05
-4.031925802220820316e-06
-1.972773906024370477e-05
-3.542355231826659176e-05
-5.111936557628948553e-05
-6.681517883431236575e-05
-8.251099209233525274e-05
-9.820680535035813973e-05
-1.139026186083810403e-04
-1.295984318664039408e-04
-1.419862388240183200e-04
-1.543740457805676874e-04
-1.667618527371170277e-04
-1.791496596936663680e-04
-1.915374666502157354e-04
-2.039252736067650486e-04
-2.163130805633144160e-04
-2.287008875198637834e-04
-2.410886944764131508e-04
-2.534765014329625182e-04
-2.658643083895118314e-04
-2.782521153460611445e-04
-2.880475152468564537e-04
-2.978429151467887922e-04
-3.076383150467211307e-04
-3.174337149466534692e-04
-3.272291148465858077e-04
-3.370245147465181462e-04
-3.468199146464504847e-04
-3.566153145463828774e-04
-3.664107144463152159e-04
-3.762061143462475544e-04
-3.860015142461798929e-04
-3.957969141461122314e-04
-4.117434430728162884e-04
-4.276899720016349190e-04
-4.436365009304536039e-04
-4.595830298592723431e-04
-4.755295587880910280e-04
-4.914760877169098213e-04
-5.074226166457283978e-04
-5.233691455745470827e-04
-5.393156745033658760e-04
-5.552622034321845609e-04
-5.712087323610031374e-04
-5.871552612898219307e-04
-5.915626687764040598e-04
-5.959700762588932173e-04
-6.003774837413822663e-04
-6.047848912238714238e-04
-6.091922987063605813e-04
-6.135997061888497387e-04
-6.180071136713388962e-04
-6.224145211538280537e-04
-6.268219286363172112e-04
-6.312293361188063686e-04
-6.356367436012955261e-04
-6.400441510837846836e-04
-6.608510030931286777e-04
-6.816578551084687436e-04
-7.024647071238087010e-04
-7.232715591391486584e-04
-7.440784111544886158e-04
-7.648852631698286816e-04
-7.856921151851685306e-04
-8.064989672005084880e-04
-8.273058192158484455e-04
-8.481126712311885113e-04
-8.689195232465284687e-04
-8.897263752618685346e-04
-9.061320667752055134e-04
-9.225377582868852892e-04
-9.389434497985651735e-04
-9.553491413102449493e-04
-9.717548328219248336e-04
-9.881605243336046094e-04
-1.004566215845284494e-03
-1.020971907356964161e-03
-1.037377598868644045e-03
-1.053783290380323930e-03
-1.070188981892003814e-03
-1.086594673403683481e-03
-1.107734163642775304e-03
-1.128873653883701164e-03
-1.150013144124627023e-03
-1.171152634365553100e-03
-1.192292124606478959e-03
-1.213431614847404819e-03
-1.234571105088330678e-03
-1.255710595329256754e-03
-1.276850085570182614e-03
-1.297989575811108257e-03
-1.319129066052034333e-03
-1.340268556292960192e-03
-1.381489566813486189e-03
-1.422710577342011645e-03
-1.463931587870537102e-03
-1.505152598399062775e-03
-1.546373608927588015e-03
-1.587594619456113689e-03
-1.628815629984639145e-03
-1.670036640513164602e-03
-1.711257651041690276e-03
-1.752478661570215732e-03
-1.793699672098740972e-03
-1.834920682627266646e-03
-1.875531996678294960e-03
-1.916143310729073257e-03
-1.956754624779852205e-03
-1.997365938830630502e-03
-2.037977252881409233e-03
-2.078588566932187964e-03
-2.119199880982966262e-03
-2.159811195033744993e-03
-2.200422509084523724e-03
-2.241033823135302454e-03
-2.281645137186080752e-03
-2.322256451236859049e-03
-2.355113859981268747e-03
-2.387971268722420201e-03
-2.420828677463571655e-03
-2.453686086204723109e-03
-2.486543494945874996e-03
-2.519400903687026017e-03
-2.552258312428177904e-03
-2.585115721169328924e-03
-2.617973129910480812e-03
-2.650830538651631832e-03
-2.683687947392783719e-03
-2.716545356133934740e-03
-2.750610001827036039e-03
-2.784674647520656889e-03
-2.818739293214277738e-03
-2.852803938907899021e-03
-2.886868584601520304e-03
-2.920933230295141153e-03
-2.954997875988762002e-03
-2.989062521682383285e-03
-3.023127167376004568e-03
-3.057191813069625418e-03
-3.091256458763246701e-03
-3.125321104456867984e-03
-3.152155390592551593e-03
-3.178989676725040275e-03
-3.205823962857528089e-03
-3.232658248990017205e-03
-3.259492535122505020e-03
-3.286326821254993268e-03
-3.313161107387481517e-03
-3.339995393519969765e-03
-3.366829679652458013e-03
-3.393663965784946696e-03
-3.420498251917434944e-03
-3.447332538049923192e-03
-3.476683596050062549e-03
-3.506034654051340752e-03
-3.535385712052620255e-03
-3.564736770053899325e-03
-3.594087828055178395e-03
-3.623438886056456597e-03
-3.652789944057736101e-03
-3.682141002059015171e-03
-3.711492060060294241e-03
-3.740843118061572443e-03
-3.770194176062851947e-03
-3.799545234064131017e-03
-3.830874828994029844e-03
-3.862204423924846339e-03
-3.893534018855662835e-03
-3.924863613786479764e-03
-3.956193208717296260e-03
-3.987522803648112756e-03
-4.018852398578929251e-03
-4.050181993509745747e-03
-4.081511588440562242e-03
-4.112841183371378738e-03
-4.144170778302195234e-03
-4.175500373233011729e-03
-4.200203919786284039e-03
-4.224907466336409560e-03
-4.249611012886535949e-03
-4.274314559436661470e-03
-4.299018105986787859e-03
-4.323721652536913380e-03
-4.348425199087038902e-03
-4.373128745637166158e-03
-4.397832292187291679e-03
-4.422535838737418068e-03
-4.447239385287543589e-03
-4.471942931837669978e-03
-4.491453898562951762e-03
-4.510964865285712125e-03
-4.530475832008472488e-03
-4.549986798731232851e-03
-4.569497765453993214e-03
-4.589008732176753577e-03
-4.608519698899513940e-03
-4.628030665622274303e-03
-4.647541632345034666e-03
-4.667052599067794162e-03
-4.686563565790555393e-03
-4.706074532513315756e-03
-4.729698953238278304e-03
-4.753323373965283490e-03
-4.776947794692287808e-03
-4.800572215419292993e-03
-4.824196636146298178e-03
-4.847821056873302496e-03
-4.871445477600307682e-03
-4.895069898327312867e-03
-4.918694319054317185e-03
-4.942318739781322370e-03
-4.965943160508327556e-03
-4.989567581235332741e-03
-5.008238776331208446e-03
-5.026909971424570536e-03
-5.045581166517933494e-03
-5.064252361611295584e-03
-5.082923556704657675e-03
-5.101594751798020633e-03
-5.120265946891382723e-03
-5.138937141984744814e-03
-5.157608337078106904e-03
-5.176279532171469862e-03
-5.194950727264831952e-03
-5.213621922358194043e-03
-5.244776913281414508e-03
-5.275931904211106360e-03
-5.307086895140799079e-03
-5.338241886070490931e-03
-5.369396877000183650e-03
-5.400551867929875502e-03
-5.431706858859568221e-03
-5.462861849789260073e-03
-5.494016840718951925e-03
-5.525171831648644644e-03
-5.556326822578336495e-03
-5.587481813508029214e-03
-5.621149440930449902e-03
-5.654817068354201122e-03
-5.688484695777952342e-03
-5.722152323201703562e-03
-5.755819950625454783e-03
-5.789487578049206870e-03
-5.823155205472958090e-03
-5.856822832896709310e-03
-5.890490460320460531e-03
-5.924158087744212618e-03
-5.957825715167963838e-03
-5.991493342591715059e-03
-6.009871172878408600e-03
-6.028249003156842256e-03
-6.046626833435276779e-03
-6.065004663713710435e-03
-6.083382493992144091e-03
-6.101760324270578614e-03
-6.120138154549012270e-03
-6.138515984827446793e-03
-6.156893815105880449e-03
-6.175271645384314972e-03
-6.193649475662748628e-03
-6.212027305941182284e-03
-6.226599588743554972e-03
-6.241171871543829512e-03
-6.255744154344104919e-03
-6.270316437144378592e-03
-6.284888719944653999e-03
-6.299461002744928539e-03
-6.314033285545203947e-03
-6.328605568345478487e-03
-6.343177851145753894e-03
-6.357750133946027567e-03
-6.372322416746302974e-03
-6.386894699546577514e-03
-6.398484373580063007e-03
-6.410074047611871891e-03
-6.421663721643680774e-03
-6.433253395675490524e-03
-6.444843069707299407e-03
-6.456432743739108290e-03
-6.468022417770916306e-03
-6.479612091802725189e-03
-6.491201765834534940e-03
-6.502791439866343823e-03
-6.514381113898152706e-03
-6.525970787929962456e-03
-6.552488424569271643e-03
-6.579006061217133883e-03
-6.605523697864997858e-03
-6.632041334512860098e-03
-6.658558971160724073e-03
-6.685076607808586313e-03
-6.711594244456450288e-03
-6.738111881104313396e-03
-6.764629517752175636e-03
-6.791147154400039611e-03
-6.817664791047901851e-03
-6.844182427695765826e-03
-6.881511190174389135e-03
-6.918839952659325970e-03
-6.956168715144261938e-03
-6.993497477629198773e-03
-7.030826240114135608e-03
-7.068155002599070709e-03
-7.105483765084007544e-03
-7.142812527568944379e-03
-7.180141290053880347e-03
-7.217470052538817182e-03
-7.254798815023754018e-03
-7.292127577508690853e-03
-7.313392482386689777e-03
-7.334657387255134713e-03
-7.355922292123579648e-03
-7.377187196992025450e-03
-7.398452101860470385e-03
-7.419717006728915321e-03
-7.440981911597361123e-03
-7.462246816465806058e-03
-7.483511721334250993e-03
-7.504776626202695061e-03
-7.526041531071140864e-03
-7.547306435939585799e-03
-7.581424933940560974e-03
-7.615543431949320721e-03
-7.649661929958083070e-03
-7.683780427966843685e-03
-7.717898925975604299e-03
-7.752017423984364913e-03
-7.786135921993125528e-03
-7.820254420001887877e-03
-7.854372918010648491e-03
-7.888491416019409105e-03
-7.922609914028167985e-03
-7.956728412036928599e-03
-7.991849735563884630e-03
-8.026971059091458222e-03
-8.062092382619031813e-03
-8.097213706146605405e-03
-8.132335029674178997e-03
-8.167456353201750854e-03
-8.202577676729324446e-03
-8.237699000256898038e-03
-8.272820323784471630e-03
-8.307941647312045222e-03
-8.343062970839618814e-03
-8.378184294367192406e-03
-8.405914802729824026e-03
-8.433645311087816995e-03
-8.461375819445811700e-03
-8.489106327803804669e-03
-8.516836836161797639e-03
-8.544567344519790608e-03
-8.572297852877783578e-03
-8.600028361235778282e-03
-8.627758869593771252e-03
-8.655489377951764221e-03
-8.683219886309757191e-03
-8.710950394667751895e-03
-8.758337405848998225e-03
-8.805724417042795280e-03
-8.853111428236594069e-03
-8.900498439430391123e-03
-8.947885450624189912e-03
-8.995272461817986967e-03
-9.042659473011784022e-03
-9.090046484205581076e-03
-9.137433495399378131e-03
-9.184820506593176920e-03
-9.232207517786973974e-03
-9.279594528980772764e-03
-9.300590610549556297e-03
-9.321586692101200763e-03
-9.342582773652846964e-03
-9.363578855204491430e-03
-9.384574936756137631e-03
-9.405571018307783832e-03
-9.426567099859430032e-03
-9.447563181411074498e-03
-9.468559262962720699e-03
-9.489555344514366900e-03
-9.510551426066013100e-03
-9.531547507617659301e-03
-9.556397936028263040e-03
-9.581248364441411619e-03
-9.606098792854561932e-03
-9.630949221267712246e-03
-9.655799649680860824e-03
-9.680650078094012873e-03
-9.705500506507161451e-03
-9.730350934920311765e-03
-9.755201363333460343e-03
-9.780051791746610657e-03
-9.804902220159760970e-03
-9.829752648572909549e-03
-9.866712307241060423e-03
-9.903671965917340211e-03
-9.940631624593618265e-03
-9.977591283269898054e-03
-1.001455094194617611e-02
-1.005151060062245590e-02
-1.008847025929873395e-02
-1.012542991797501200e-02
-1.016238957665129179e-02
-1.019934923532756985e-02
-1.023630889400384963e-02
-1.027326855268012942e-02
-1.030246483195282163e-02
-1.033166111122021946e-02
-1.036085739048761556e-02
-1.039005366975501339e-02
-1.041924994902241296e-02
-1.044844622828980905e-02
-1.047764250755720689e-02
-1.050683878682460472e-02
-1.053603506609200255e-02
-1.056523134535940038e-02
-1.059442762462679821e-02
-1.062362390389419431e-02
-1.066400183565535502e-02
-1.070437976742426647e-02
-1.074475769919317446e-02
-1.078513563096208591e-02
-1.082551356273099390e-02
-1.086589149449990535e-02
-1.090626942626881334e-02
-1.094664735803772479e-02
-1.098702528980663277e-02
-1.102740322157554423e-02
-1.106778115334445221e-02
-1.110815908511336367e-02
-1.115641239983246845e-02
-1.120466571455711567e-02
-1.125291902928176289e-02
-1.130117234400641185e-02
-1.134942565873106081e-02
-1.139767897345570803e-02
-1.144593228818035699e-02
-1.149418560290500595e-02
-1.154243891762965317e-02
-1.159069223235430039e-02
-1.163894554707894935e-02
-1.168719886180359831e-02
-1.174253626835869251e-02
-1.179787367491885210e-02
-1.185321108147901342e-02
-1.190854848803917301e-02
-1.196388589459933260e-02
-1.201922330115949393e-02
-1.207456070771965352e-02
-1.212989811427981311e-02
-1.218523552083997444e-02
-1.224057292740013403e-02
-1.229591033396029362e-02
-1.235124774052045495e-02
-1.239488408235516446e-02
-1.243852042418138251e-02
-1.248215676600760229e-02
-1.252579310783382034e-02
-1.256942944966004012e-02
-1.261306579148625817e-02
-1.265670213331247622e-02
-1.270033847513869600e-02
-1.274397481696491578e-02
-1.278761115879113383e-02
-1.283124750061735361e-02
-1.287488384244357166e-02
-1.291753331482667529e-02
-1.296018278720905380e-02
-1.300283225959142884e-02
-1.304548173197380735e-02
-1.308813120435618239e-02
-1.313078067673856091e-02
-1.317343014912093595e-02
-1.321607962150331446e-02
-1.325872909388569124e-02
-1.330137856626806975e-02
-1.334402803865044479e-02
-1.338667751103282330e-02
-1.343764256435730185e-02
-1.348860761768799418e-02
-1.353957267101868825e-02
-1.359053772434938405e-02
-1.364150277768007638e-02
-1.369246783101077045e-02
-1.374343288434146625e-02
-1.379439793767215858e-02
-1.384536299100285264e-02
-1.389632804433354844e-02
-1.394729309766424077e-02
-1.399825815099493484e-02
-1.404666982916303285e-02
-1.409508150732919317e-02
-1.414349318549535175e-02
-1.419190486366151034e-02
-1.424031654182767066e-02
-1.428872821999382925e-02
-1.433713989815998957e-02
-1.438555157632614816e-02
-1.443396325449230674e-02
-1.448237493265846706e-02
-1.453078661082462565e-02
-1.457919828899078424e-02
-1.462651519161228819e-02
-1.467383209423294733e-02
-1.472114899685360821e-02
-1.476846589947426909e-02
-1.481578280209492823e-02
-1.486309970471559085e-02
-1.491041660733625172e-02
-1.495773350995691260e-02
-1.500505041257757174e-02
-1.505236731519823262e-02
-1.509968421781889523e-02
-1.514700112043955438e-02
-1.518438387152448374e-02
-1.522176662260165889e-02
-1.525914937367883750e-02
-1.529653212475601438e-02
-1.533391487583318953e-02
-1.537129762691036815e-02
-1.540868037798754329e-02
-1.544606312906471844e-02
-1.548344588014189706e-02
-1.552082863121907394e-02
-1.555821138229625256e-02
-1.559559413337342770e-02
-1.562519155865730452e-02
-1.565478898393501614e-02
-1.568438640921273469e-02
-1.571398383449044631e-02
-1.574358125976816486e-02
-1.577317868504587647e-02
-1.580277611032359503e-02
-1.583237353560130664e-02
-1.586197096087902519e-02
-1.589156838615674028e-02
-1.592116581143445536e-02
-1.595076323671217045e-02
-1.598244190086844929e-02
-1.601412056502639694e-02
-1.604579922918434459e-02
-1.607747789334229224e-02
-1.610915655750024336e-02
-1.614083522165818754e-02
-1.617251388581613866e-02
-1.620419254997408631e-02
-1.623587121413203049e-02
-1.626754987828998161e-02
-1.629922854244792926e-02
-1.633090720660587691e-02
-1.635693975432148464e-02
-1.638297230203250576e-02
-1.640900484974352688e-02
-1.643503739745454106e-02
-1.646106994516556218e-02
-1.648710249287657983e-02
-1.651313504058759749e-02
-1.653916758829861861e-02
-1.656520013600963626e-02
-1.659123268372065391e-02
-1.661726523143167503e-02
-1.664329777914269268e-02
-1.666400560641187467e-02
-1.668471343367666782e-02
-1.670542126094146096e-02
-1.672612908820625757e-02
-1.674683691547105072e-02
-1.676754474273584733e-02
-1.678825257000064047e-02
-1.680896039726543362e-02
-1.682966822453023023e-02
-1.685037605179502684e-02
-1.687108387905981999e-02
-1.689179170632461313e-02
-1.691650879766761970e-02
-1.694122588901397775e-02
-1.696594298036033233e-02
-1.699066007170669038e-02
-1.701537716305304496e-02
-1.704009425439940301e-02
-1.706481134574576106e-02
-1.708952843709211564e-02
-1.711424552843847369e-02
-1.713896261978482827e-02
-1.716367971113118632e-02
-1.718839680247754090e-02
-1.721626119880797709e-02
-1.724412559514107435e-02
-1.727198999147417507e-02
-1.729985438780727580e-02
-1.732771878414037306e-02
-1.735558318047347032e-02
-1.738344757680656757e-02
-1.741131197313966830e-02
-1.743917636947276903e-02
-1.746704076580586629e-02
-1.749490516213896354e-02
-1.752276955847206427e-02
-1.756218876193093095e-02
-1.760160796539969943e-02
-1.764102716886846792e-02
-1.768044637233723640e-02
-1.771986557580600141e-02
-1.775928477927476989e-02
-1.779870398274353838e-02
-1.783812318621230686e-02
-1.787754238968107187e-02
-1.791696159314984035e-02
-1.795638079661860884e-02
-1.799580000008737732e-02
-1.801883817264507068e-02
-1.804187634518854971e-02
-1.806491451773202875e-02
-1.808795269027550778e-02
-1.811099086281898682e-02
-1.813402903536246585e-02
-1.815706720790594489e-02
-1.818010538044942392e-02
-1.820314355299290296e-02
-1.822618172553638199e-02
-1.824921989807986103e-02
-1.827225807062334006e-02
-1.830790074587120009e-02
-1.834354342113013459e-02
-1.837918609638906908e-02
-1.841482877164800011e-02
-1.845047144690693808e-02
-1.848611412216586911e-02
-1.852175679742480707e-02
-1.855739947268373810e-02
-1.859304214794267260e-02
-1.862868482320160710e-02
-1.866432749846053812e-02
-1.869997017371947609e-02
-1.873641993373197437e-02
-1.877286969374519082e-02
-1.880931945375840728e-02
-1.884576921377162373e-02
-1.888221897378484365e-02
-1.891866873379806011e-02
-1.895511849381127656e-02
-1.899156825382449301e-02
-1.902801801383771294e-02
-1.906446777385092939e-02
-1.910091753386414584e-02
-1.913736729387736230e-02
-1.917445511985231554e-02
-1.921154294582784472e-02
-1.924863077180337390e-02
-1.928571859777890307e-02
-1.932280642375443225e-02
-1.935989424972995795e-02
-1.939698207570548713e-02
-1.943406990168101631e-02
-1.947115772765654548e-02
-1.950824555363207119e-02
-1.954533337960760037e-02
-1.958242120558312954e-02
-1.962909756331665881e-02
-1.967577392105892414e-02
-1.972245027880119295e-02
-1.976912663654345828e-02
-1.981580299428572361e-02
-1.986247935202799242e-02
-1.990915570977025775e-02
-1.995583206751252309e-02
-2.000250842525479189e-02
-2.004918478299705722e-02
-2.009586114073932603e-02
-2.014253749848159136e-02
-2.018765763061265012e-02
-2.023277776274226905e-02
-2.027789789487189145e-02
-2.032301802700151386e-02
-2.036813815913113279e-02
-2.041325829126075866e-02
-2.045837842339037760e-02
-2.050349855551999653e-02
-2.054861868764962241e-02
-2.059373881977924134e-02
-2.063885895190886374e-02
-2.068397908403848615e-02
-2.071151974025786310e-02
-2.073906039646083652e-02
-2.076660105266380993e-02
-2.079414170886678334e-02
-2.082168236506975328e-02
-2.084922302127273017e-02
-2.087676367747570358e-02
-2.090430433367867352e-02
-2.093184498988164693e-02
-2.095938564608462382e-02
-2.098692630228759723e-02
-2.101446695849056717e-02
-2.104549009430722525e-02
-2.107651323012716543e-02
-2.110753636594710908e-02
-2.113855950176705273e-02
-2.116958263758699638e-02
-2.120060577340694002e-02
-2.123162890922688367e-02
-2.126265204504682732e-02
-2.129367518086677097e-02
-2.132469831668671462e-02
-2.135572145250666173e-02
-2.138674458832660538e-02
-2.142778552805662054e-02
-2.146882646779620096e-02
-2.150986740753578486e-02
-2.155090834727536528e-02
-2.159194928701494917e-02
-2.163299022675453306e-02
-2.167403116649411696e-02
-2.171507210623370085e-02
-2.175611304597328474e-02
-2.179715398571286517e-02
-2.183819492545244906e-02
-2.187923586519202948e-02
-2.191177338623354759e-02
-2.194431090726685005e-02
-2.197684842830015250e-02
-2.200938594933345843e-02
-2.204192347036676089e-02
-2.207446099140005988e-02
-2.210699851243336581e-02
-2.213953603346666826e-02
-2.217207355449997072e-02
-2.220461107553327318e-02
-2.223714859656657564e-02
-2.226968611759988156e-02
-2.231282482460166666e-02
-2.235596353161381153e-02
-2.239910223862595640e-02
-2.244224094563809779e-02
-2.248537965265024266e-02
-2.252851835966238406e-02
-2.257165706667452892e-02
-2.261479577368667032e-02
-2.265793448069881519e-02
-2.270107318771095659e-02
-2.274421189472310145e-02
-2.278735060173524632e-02
-2.281336081317729414e-02
-2.283937102460242147e-02
-2.286538123602755226e-02
-2.289139144745267959e-02
-2.291740165887781039e-02
-2.294341187030294119e-02
-2.296942208172807198e-02
-2.299543229315319931e-02
-2.302144250457833011e-02
-2.304745271600345743e-02
-2.307346292742858823e-02
-2.309947313885371556e-02
-2.313660181631910576e-02
-2.317373049379560165e-02
-2.321085917127209061e-02
-2.324798784874858651e-02
-2.328511652622507894e-02
-2.332224520370157136e-02
-2.335937388117806726e-02
-2.339650255865455622e-02
-2.343363123613104865e-02
-2.347075991360754454e-02
-2.350788859108403697e-02
-2.354501726856052940e-02
-2.357540501098596974e-02
-2.360579275340459957e-02
-2.363618049582323286e-02
-2.366656823824186615e-02
-2.369695598066049944e-02
-2.372734372307912926e-02
-2.375773146549776255e-02
-2.378811920791639931e-02
-2.381850695033503260e-02
-2.384889469275366242e-02
-2.387928243517229571e-02
-2.390967017759092900e-02
-2.393387498513289968e-02
-2.395807979266855944e-02
-2.398228460020421574e-02
-2.400648940773987897e-02
-2.403069421527553873e-02
-2.405489902281119849e-02
-2.407910383034685825e-02
-2.410330863788252148e-02
-2.412751344541818124e-02
-2.415171825295383753e-02
-2.417592306048949730e-02
-2.420012786802516053e-02
-2.421948630454871104e-02
-2.423884474106726208e-02
-2.425820317758581313e-02
-2.427756161410436417e-02
-2.429692005062291521e-02
-2.431627848714146972e-02
-2.433563692366002076e-02
-2.435499536017857181e-02
-2.437435379669712285e-02
-2.439371223321567389e-02
-2.441307066973422840e-02
-2.443242910625277944e-02
-2.444070575522916053e-02
-2.444898240419399182e-02
-2.445725905315882312e-02
-2.446553570212365442e-02
-2.447381235108848224e-02
-2.448208900005331354e-02
-2.449036564901814483e-02
-2.449864229798297960e-02
-2.450691894694780743e-02
-2.451519559591263872e-02
-2.452347224487747002e-02
-2.453174889384230131e-02
-2.454679984531287287e-02
-2.456185079679057762e-02
-2.457690174826828236e-02
-2.459195269974598710e-02
-2.460700365122369185e-02
-2.462205460270139659e-02
-2.463710555417910134e-02
-2.465215650565680608e-02
-2.466720745713451082e-02
-2.468225840861221557e-02
-2.469730936008992031e-02
-2.471236031156762852e-02
-2.471635920848442441e-02
-2.472035810538945888e-02
-2.472435700229449335e-02
-2.472835589919952781e-02
-2.473235479610456228e-02
-2.473635369300959674e-02
-2.474035258991463121e-02
-2.474435148681966914e-02
-2.474835038372470361e-02
-2.475234928062973808e-02
-2.475634817753477254e-02
-2.476034707443981048e-02
-2.477294302295463338e-02
-2.478553897147869889e-02
-2.479813492000276440e-02
-2.481073086852683338e-02
-2.482332681705089542e-02
-2.483592276557496439e-02
-2.484851871409902990e-02
-2.486111466262309541e-02
-2.487371061114716092e-02
-2.488630655967122990e-02
-2.489890250819529541e-02
-2.491149845671936092e-02
-2.492175409016733276e-02
-2.493200972361276496e-02
-2.494226535705819717e-02
-2.495252099050362937e-02
-2.496277662394906158e-02
-2.497303225739449031e-02
-2.498328789083992252e-02
-2.499354352428535472e-02
-2.500379915773078346e-02
-2.501405479117621913e-02
-2.502431042462164787e-02
-2.503456605806708007e-02
-2.505206921991332686e-02
-2.506957238176752562e-02
-2.508707554362172090e-02
-2.510457870547591966e-02
-2.512208186733011495e-02
-2.513958502918431370e-02
-2.515708819103850899e-02
-2.517459135289270775e-02
-2.519209451474690650e-02
-2.520959767660110179e-02
-2.522710083845530055e-02
-2.524460400030949583e-02
-2.525870938972734833e-02
-2.527281477914143301e-02
-2.528692016855551769e-02
-2.530102555796960584e-02
-2.531513094738369052e-02
-2.532923633679777867e-02
-2.534334172621186335e-02
-2.535744711562594803e-02
-2.537155250504003617e-02
-2.538565789445412432e-02
-2.539976328386820900e-02
-2.541386867328229368e-02
-2.543439298612459876e-02
-2.545491729897408906e-02
-2.547544161182357589e-02
-2.549596592467306272e-02
-2.551649023752254955e-02
-2.553701455037203638e-02
-2.555753886322152668e-02
-2.557806317607101004e-02
-2.559858748892050034e-02
-2.561911180176998371e-02
-2.563963611461947401e-02
-2.566016042746896084e-02
-2.567753779333318068e-02
-2.569491515919384433e-02
-2.571229252505450799e-02
-2.572966989091516818e-02
-2.574704725677583184e-02
-2.576442462263649549e-02
-2.578180198849716262e-02
-2.579917935435782628e-02
-2.581655672021848646e-02
-2.583393408607915012e-02
-2.585131145193981378e-02
-2.586868881780047744e-02
-2.588269936785722244e-02
-2.589670991791012331e-02
-2.591072046796303111e-02
-2.592473101801593197e-02
-2.593874156806883283e-02
-2.595275211812173716e-02
-2.596676266817463802e-02
-2.598077321822754582e-02
-2.599478376828044668e-02
-2.600879431833335448e-02
-2.602280486838625534e-02
-2.603681541843915620e-02
-2.605726913285155363e-02
-2.607772284727137221e-02
-2.609817656169118386e-02
-2.611863027611100244e-02
-2.613908399053082102e-02
-2.615953770495063613e-02
-2.617999141937045471e-02
-2.620044513379026982e-02
-2.622089884821008493e-02
-2.624135256262990351e-02
-2.626180627704972209e-02
-2.628225999146953373e-02
-2.630776855437993306e-02
-2.633327711729621309e-02
-2.635878568021249313e-02
-2.638429424312877317e-02
-2.640980280604505320e-02
-2.643531136896133324e-02
-2.646081993187761328e-02
-2.648632849479388637e-02
-2.651183705771016641e-02
-2.653734562062644645e-02
-2.656285418354272648e-02
-2.658836274645900305e-02
-2.660965548080850007e-02
-2.663094821515305660e-02
-2.665224094949761313e-02
-2.667353368384216966e-02
-2.669482641818672619e-02
-2.671611915253127925e-02
-2.673741188687583578e-02
-2.675870462122039231e-02
-2.677999735556494884e-02
-2.680129008990949843e-02
-2.682258282425405496e-02
-2.684387555859861149e-02
-2.688641245845547686e-02
-2.692894935833749920e-02
-2.697148625821951806e-02
-2.701402315810154039e-02
-2.705656005798355926e-02
-2.709909695786558159e-02
-2.714163385774760393e-02
-2.718417075762962279e-02
-2.722670765751164512e-02
-2.726924455739366399e-02
-2.731178145727568632e-02
-2.735431835715770518e-02
-2.738079047811840458e-02
-2.740726259905991100e-02
-2.743373472000141394e-02
-2.746020684094291342e-02
-2.748667896188441984e-02
-2.751315108282591931e-02
-2.753962320376742226e-02
-2.756609532470892174e-02
-2.759256744565042815e-02
-2.761903956659192763e-02
-2.764551168753343058e-02
-2.767198380847493006e-02
-2.770132559833934915e-02
-2.773066738820722729e-02
-2.776000917807510543e-02
-2.778935096794298010e-02
-2.781869275781085823e-02
-2.784803454767873290e-02
-2.787737633754661104e-02
-2.790671812741448918e-02
-2.793605991728236385e-02
-2.796540170715024198e-02
-2.799474349701811665e-02
-2.802408528688599479e-02
-2.804839827812527844e-02
-2.807271126935844893e-02
-2.809702426059160901e-02
-2.812133725182477603e-02
-2.814565024305793958e-02
-2.816996323429110660e-02
-2.819427622552427015e-02
-2.821858921675743717e-02
-2.824290220799060072e-02
-2.826721519922376774e-02
-2.829152819045693476e-02
-2.831584118169009831e-02
-2.834439562134165314e-02
-2.837295006099842601e-02
-2.840150450065518847e-02
-2.843005894031196135e-02
-2.845861337996872381e-02
-2.848716781962549668e-02
-2.851572225928225915e-02
-2.854427669893902508e-02
-2.857283113859579449e-02
-2.860138557825256042e-02
-2.862994001790932982e-02
-2.865849445756609576e-02
-2.869037844285912686e-02
-2.872226242815627620e-02
-2.875414641345342900e-02
-2.878603039875058875e-02
-2.881791438404773809e-02
-2.884979836934489089e-02
-2.888168235464204370e-02
-2.891356633993919997e-02
-2.894545032523635278e-02
-2.897733431053350212e-02
-2.900921829583065492e-02
-2.904110228112780773e-02
-2.908378406899534210e-02
-2.912646585687635875e-02
-2.916914764475738234e-02
-2.921182943263840592e-02
-2.925451122051942604e-02
-2.929719300840044963e-02
-2.933987479628147321e-02
-2.938255658416249333e-02
-2.942523837204351692e-02
-2.946792015992454050e-02
-2.951060194780556062e-02
-2.955328373568658420e-02
-2.959625660251755455e-02
-2.963922946934889266e-02
-2.968220233618022730e-02
-2.972517520301156888e-02
-2.976814806984290698e-02
-2.981112093667424162e-02
-2.985409380350558667e-02
-2.989706667033692131e-02
-2.994003953716825941e-02
-2.998301240399959405e-02
-3.002598527083093563e-02
-3.006895813766227374e-02
-3.012124800339288644e-02
-3.017353786913535424e-02
-3.022582773487781857e-02
-3.027811760062027943e-02
-3.033040746636274376e-02
-3.038269733210520462e-02
-3.043498719784766549e-02
-3.048727706359012982e-02
-3.053956692933259068e-02
-3.059185679507505848e-02
-3.064414666081752281e-02
-3.069643652655998367e-02
-3.074695775552593532e-02
-3.079747898448961796e-02
-3.084800021345330753e-02
-3.089852144241699017e-02
-3.094904267138067280e-02
-3.099956390034435544e-02
-3.105008512930804501e-02
-3.110060635827172765e-02
-3.115112758723541028e-02
-3.120164881619909292e-02
-3.125217004516277902e-02
-3.130269127412646513e-02
-3.136909831665459641e-02
-3.143550535920326683e-02
-3.150191240175193724e-02
-3.156831944430061460e-02
-3.163472648684929195e-02
-3.170113352939796236e-02
-3.176754057194663972e-02
-3.183394761449531013e-02
-3.190035465704398054e-02
-3.196676169959265790e-02
-3.203316874214133525e-02
-3.209957578469000566e-02
-3.216118545581221622e-02
-3.222279512692816789e-02
-3.228440479804411262e-02
-3.234601446916006429e-02
-3.240762414027601596e-02
-3.246923381139196763e-02
-3.253084348250791930e-02
-3.259245315362387097e-02
-3.265406282473982263e-02
-3.271567249585577430e-02
-3.277728216697172597e-02
-3.283889183808767764e-02
-3.292219682015527088e-02
-3.300550180225138991e-02
-3.308880678434752282e-02
-3.317211176644364878e-02
-3.325541674853976781e-02
-3.333872173063590072e-02
-3.342202671273202669e-02
-3.350533169482814572e-02
-3.358863667692427862e-02
-3.367194165902040459e-02
-3.375524664111653056e-02
-3.383855162321265653e-02
-3.393888405656372148e-02
-3.403921648993737253e-02
-3.413954892331102359e-02
-3.423988135668466770e-02
-3.434021379005831182e-02
-3.444054622343196287e-02
-3.454087865680561392e-02
-3.464121109017926498e-02
-3.474154352355290909e-02
-3.484187595692655320e-02
-3.494220839030020426e-02
-3.504254082367385531e-02
-3.514806020846122231e-02
-3.525357959325552820e-02
-3.535909897804984103e-02
-3.546461836284414693e-02
-3.557013774763845282e-02
-3.567565713243275871e-02
-3.578117651722706460e-02
-3.588669590202137744e-02
-3.599221528681568333e-02
-3.609773467160998922e-02
-3.620325405640429511e-02
-3.630877344119860101e-02
-3.643474324432541961e-02
-3.656071304747979950e-02
-3.668668285063417939e-02
-3.681265265378855928e-02
-3.693862245694293917e-02
-3.706459226009731905e-02
-3.719056206325169894e-02
-3.731653186640608577e-02
-3.744250166956046566e-02
-3.756847147271484555e-02
-3.769444127586921850e-02
-3.782041107902359839e-02
-3.795425682382028848e-02
-3.808810256862767835e-02
-3.822194831343507515e-02
-3.835579405824246502e-02
-3.848963980304986182e-02
-3.862348554785725169e-02
-3.875733129266464155e-02
-3.889117703747203836e-02
-3.902502278227942822e-02
-3.915886852708682503e-02
-3.929271427189421489e-02
-3.942656001670160476e-02
-3.956660439014871716e-02
-3.970664876360432277e-02
-3.984669313705992838e-02
-3.998673751051554093e-02
-4.012678188397114654e-02
-4.026682625742674521e-02
-4.040687063088235081e-02
-4.054691500433795642e-02
-4.068695937779356203e-02
-4.082700375124916764e-02
-4.096704812470477325e-02
-4.110709249816037886e-02
-4.126020392061609254e-02
-4.141331534308984735e-02
-4.156642676556359522e-02
-4.171953818803735003e-02
-4.187264961051110485e-02
-4.202576103298485272e-02
-4.217887245545860753e-02
-4.233198387793236234e-02
-4.248509530040611021e-02
-4.263820672287986502e-02
-4.279131814535361983e-02
-4.294442956782737464e-02
-4.310781403370106402e-02
-4.327119849958905445e-02
-4.343458296547703101e-02
-4.359796743136502145e-02
-4.376135189725300495e-02
-4.392473636314099539e-02
-4.408812082902897889e-02
-4.425150529491696239e-02
-4.441488976080494588e-02
-4.457827422669293632e-02
-4.474165869258091982e-02
-4.490504315846890332e-02
-4.506832842599624994e-02
-4.523161369352346473e-02
-4.539489896105067257e-02
-4.555818422857788735e-02
-4.572146949610509520e-02
-4.588475476363230998e-02
-4.604804003115951783e-02
-4.621132529868672567e-02
-4.637461056621394045e-02
-4.653789583374114830e-02
-4.670118110126836308e-02
-4.686446636879557093e-02
-4.704406635260346276e-02
-4.722366633643441253e-02
-4.740326632026536924e-02
-4.758286630409631901e-02
-4.776246628792726878e-02
-4.794206627175821855e-02
-4.812166625558917527e-02
-4.830126623942012504e-02
-4.848086622325107481e-02
-4.866046620708203152e-02
-4.884006619091298129e-02
-4.901966617474393106e-02
-4.918754218790445665e-02
-4.935541820104828031e-02
-4.952329421419211092e-02
-4.969117022733593458e-02
-4.985904624047976519e-02
-5.002692225362358885e-02
-5.019479826676741252e-02
-5.036267427991124312e-02
-5.053055029305506679e-02
-5.069842630619889740e-02
-5.086630231934272800e-02
-5.103417833248655167e-02
-5.118470449821985874e-02
-5.133523066392825518e-02
-5.148575682963666550e-02
-5.163628299534506194e-02
-5.178680916105347226e-02
-5.193733532676186870e-02
-5.208786149247026515e-02
-5.223838765817867547e-02
-5.238891382388707191e-02
-5.253943998959548223e-02
-5.268996615530387867e-02
-5.284049232101228205e-02
-5.299380169594412882e-02
-5.314711107088000014e-02
-5.330042044581587146e-02
-5.345372982075174279e-02
-5.360703919568761411e-02
-5.376034857062348543e-02
-5.391365794555935675e-02
-5.406696732049522808e-02
-5.422027669543110634e-02
-5.437358607036697766e-02
-5.452689544530284899e-02
-5.468020482023872031e-02
-5.483572141410136824e-02
-5.499123800796722888e-02
-5.514675460183308259e-02
-5.530227119569894323e-02
-5.545778778956481081e-02
-5.561330438343067145e-02
-5.576882097729652515e-02
-5.592433757116238580e-02
-5.607985416502825338e-02
-5.623537075889410708e-02
-5.639088735275996772e-02
-5.654640394662582142e-02
-5.669549350724185227e-02
-5.684458306784843928e-02
-5.699367262845502630e-02
-5.714276218906161331e-02
-5.729185174966818644e-02
-5.744094131027477346e-02
-5.759003087088136047e-02
-5.773912043148794748e-02
-5.788820999209453450e-02
-5.803729955270112151e-02
-5.818638911330770852e-02
-5.833547867391429553e-02
-5.848683404795829849e-02
-5.863818942200566681e-02
-5.878954479605301431e-02
-5.894090017010036875e-02
-5.909225554414773707e-02
-5.924361091819509151e-02
-5.939496629224244595e-02
-5.954632166628980733e-02
-5.969767704033716177e-02
-5.984903241438451621e-02
-6.000038778843187759e-02
-6.015174316247923203e-02
-6.030579937432913734e-02
-6.045985558618307415e-02
-6.061391179803699708e-02
-6.076796800989093389e-02
-6.092202422174486376e-02
-6.107608043359880057e-02
-6.123013664545272350e-02
-6.138419285730665337e-02
-6.153824906916059018e-02
-6.169230528101451311e-02
-6.184636149286844992e-02
-6.200041770472237979e-02
-6.215661618679336337e-02
-6.231281466886758047e-02
-6.246901315094178370e-02
-6.262521163301598692e-02
-6.278141011509018321e-02
-6.293760859716439338e-02
-6.309380707923860354e-02
-6.325000556131279983e-02
-6.340620404338700999e-02
-6.356240252546120628e-02
-6.371860100753541645e-02
-6.387479948960961273e-02
-6.402451964322800060e-02
-6.417423979683659074e-02
-6.432395995044518089e-02
-6.447368010405375716e-02
-6.462340025766236118e-02
-6.477312041127095132e-02
-6.492284056487954147e-02
-6.507256071848811774e-02
-6.522228087209670788e-02
-6.537200102570529803e-02
-6.552172117931388817e-02
-6.567144133292247832e-02
-6.581610399801676725e-02
-6.596076666310335401e-02
-6.610542932818995465e-02
-6.625009199327655529e-02
-6.639475465836314205e-02
-6.653941732344974269e-02
-6.668407998853632945e-02
-6.682874265362293009e-02
-6.697340531870953073e-02
-6.711806798379611749e-02
-6.726273064888270425e-02
-6.740739331396929102e-02
-6.753992891495269602e-02
-6.767246451591750478e-02
-6.780500011688229967e-02
-6.793753571784709455e-02
-6.807007131881190332e-02
-6.820260691977669820e-02
-6.833514252074150697e-02
-6.846767812170630185e-02
-6.860021372267109674e-02
-6.873274932363590550e-02
-6.886528492460070039e-02
-6.899782052556550915e-02
-6.913633078214857786e-02
-6.927484103874087529e-02
-6.941335129533318660e-02
-6.955186155192548403e-02
-6.969037180851779534e-02
-6.982888206511007889e-02
-6.996739232170239020e-02
-7.010590257829468763e-02
-7.024441283488699894e-02
-7.038292309147929637e-02
-7.052143334807160768e-02
-7.065994360466390511e-02
-7.077042891211762776e-02
-7.088091421952777416e-02
-7.099139952693790667e-02
-7.110188483434805307e-02
-7.121237014175819946e-02
-7.132285544916833198e-02
-7.143334075657847837e-02
-7.154382606398862476e-02
-7.165431137139875728e-02
-7.176479667880890367e-02
-7.187528198621903619e-02
-7.198576729362918258e-02
-7.209065527058491907e-02
-7.219554324753188479e-02
-7.230043122447886439e-02
-7.240531920142583011e-02
-7.251020717837279583e-02
-7.261509515531976156e-02
-7.271998313226672728e-02
-7.282487110921369300e-02
-7.292975908616065872e-02
-7.303464706310762444e-02
-7.313953504005459016e-02
-7.324442301700155589e-02
-7.335221838286144769e-02
-7.346001374872591916e-02
-7.356780911459039063e-02
-7.367560448045487598e-02
-7.378339984631933357e-02
-7.389119521218381892e-02
-7.399899057804829039e-02
-7.410678594391277574e-02
-7.421458130977723333e-02
-7.432237667564171868e-02
-7.443017204150619015e-02
-7.453796740737066162e-02
-7.464895781240285522e-02
-7.475994821744011420e-02
-7.487093862247737319e-02
-7.498192902751463218e-02
-7.509291943255189117e-02
-7.520390983758916403e-02
-7.531490024262642302e-02
-7.542589064766368201e-02
-7.553688105270094100e-02
-7.564787145773819999e-02
-7.575886186277545897e-02
-7.586985226781271796e-02
-7.598336370292325948e-02
-7.609687513803785330e-02
-7.621038657315243325e-02
-7.632389800826701320e-02
-7.643740944338160703e-02
-7.655092087849618698e-02
-7.666443231361076693e-02
-7.677794374872534688e-02
-7.689145518383992683e-02
-7.700496661895452066e-02
-7.711847805406910061e-02
-7.723198948918368056e-02
-7.734659364210651200e-02
-7.746119779503111979e-02
-7.757580194795569983e-02
-7.769040610088029375e-02
-7.780501025380488767e-02
-7.791961440672948158e-02
-7.803421855965407550e-02
-7.814882271257866941e-02
-7.826342686550326333e-02
-7.837803101842785725e-02
-7.849263517135245116e-02
-7.860723932427704508e-02
-7.873179920584386093e-02
-7.885635908742683053e-02
-7.898091896900978626e-02
-7.910547885059274198e-02
-7.923003873217568382e-02
-7.935459861375865342e-02
-7.947915849534160915e-02
-7.960371837692456487e-02
-7.972827825850753447e-02
-7.985283814009049019e-02
-7.997739802167344592e-02
-8.010195790325640164e-02
-8.022616029367889146e-02
-8.035036268410077065e-02
-8.047456507452267760e-02
-8.059876746494457067e-02
-8.072296985536646374e-02
-8.084717224578837069e-02
-8.097137463621024989e-02
-8.109557702663215684e-02
-8.121977941705404991e-02
-8.134398180747594298e-02
-8.146818419789784993e-02
-8.159238658831972912e-02
-8.170724313021748841e-02
-8.182209967209989887e-02
-8.193695621398229545e-02
-8.205181275586470591e-02
-8.216666929774710249e-02
-8.228152583962949906e-02
-8.239638238151190952e-02
-8.251123892339430610e-02
-8.262609546527671656e-02
-8.274095200715911314e-02
-8.285580854904152359e-02
-8.297066509092392017e-02
-8.310365638913751185e-02
-8.323664768738109343e-02
-8.336963898562467501e-02
-8.350263028386827047e-02
-8.363562158211185205e-02
-8.376861288035543363e-02
-8.390160417859901520e-02
-8.403459547684259678e-02
-8.416758677508617836e-02
-8.430057807332975994e-02
-8.443356937157334152e-02
-8.456656066981693698e-02
-8.469652720763724829e-02
-8.482649374545253584e-02
-8.495646028326782340e-02
-8.508642682108311095e-02
-8.521639335889838462e-02
-8.534635989671367218e-02
-8.547632643452894585e-02
-8.560629297234423341e-02
-8.573625951015950708e-02
-8.586622604797479463e-02
-8.599619258579006831e-02
-8.612615912360536974e-02
-8.627013737690457373e-02
-8.641411563022723119e-02
-8.655809388354991640e-02
-8.670207213687260162e-02
-8.684605039019527295e-02
-8.699002864351794428e-02
-8.713400689684062950e-02
-8.727798515016330083e-02
-8.742196340348597217e-02
-8.756594165680865738e-02
-8.770991991013132871e-02
-8.785389816345401393e-02
-8.800160304951600010e-02
-8.814930793558425903e-02
-8.829701282165251797e-02
-8.844471770772080466e-02
-8.859242259378906359e-02
-8.874012747985732252e-02
-8.888783236592560921e-02
-8.903553725199386815e-02
-8.918324213806212708e-02
-8.933094702413039989e-02
-8.947865191019867270e-02
-8.962635679626693164e-02
-8.977610546563069560e-02
-8.992585413499794289e-02
-9.007560280436517630e-02
-9.022535147373240971e-02
-9.037510014309964312e-02
-9.052484881246686266e-02
-9.067459748183409607e-02
-9.082434615120132948e-02
-9.097409482056856289e-02
-9.112384348993579630e-02
-9.127359215930302971e-02
-9.142334082867026313e-02
-9.157561400260391671e-02
-9.172788717654190016e-02
-9.188016035047985586e-02
-9.203243352441783931e-02
-9.218470669835580888e-02
-9.233697987229377846e-02
-9.248925304623174803e-02
-9.264152622016971761e-02
-9.279379939410768718e-02
-9.294607256804565676e-02
-9.309834574198364021e-02
-9.325061891592159591e-02
-9.341217654996597508e-02
-9.357373418402631371e-02
-9.373529181808665234e-02
-9.389684945214699097e-02
-9.405840708620732959e-02
-9.421996472026766822e-02
-9.438152235432800685e-02
-9.454307998838834548e-02
-9.470463762244868411e-02
-9.486619525650902274e-02
-9.502775289056936137e-02
-9.518931052462968612e-02
-9.533452463015855416e-02
-9.547973873565915315e-02
-9.562495284115973826e-02
-9.577016694666033725e-02
-9.591538105216092236e-02
-9.606059515766150747e-02
-9.620580926316210646e-02
-9.635102336866270545e-02
-9.649623747416329056e-02
-9.664145157966388955e-02
-9.678666568516447466e-02
-9.693187979066507365e-02
-9.708884540874937463e-02
-9.724581102685413148e-02
-9.740277664495888832e-02
-9.755974226306364516e-02
-9.771670788116840201e-02
-9.787367349927315885e-02
-9.803063911737791569e-02
-9.818760473548267254e-02
-9.834457035358742938e-02
-9.850153597169218622e-02
-9.865850158979694307e-02
-9.881546720790171379e-02
-9.896440560337137204e-02
-9.911334399882697210e-02
-9.926228239428258604e-02
-9.941122078973818610e-02
-9.956015918519380004e-02
-9.970909758064940009e-02
-9.985803597610501403e-02
-1.000069743715606141e-01
-1.001559127670162280e-01
-1.003048511624718281e-01
-1.004537895579274420e-01
-1.006027279533830421e-01
-1.007704866000349447e-01
-1.009382452467200153e-01
-1.011060038934050859e-01
-1.012737625400901564e-01
-1.014415211867752270e-01
-1.016092798334602976e-01
-1.017770384801453681e-01
-1.019447971268304526e-01
-1.021125557735155093e-01
-1.022803144202005937e-01
-1.024480730668856504e-01
-1.026158317135707210e-01
-1.027954810200726182e-01
-1.029751303265956097e-01
-1.031547796331185873e-01
-1.033344289396415511e-01
-1.035140782461645426e-01
-1.036937275526875202e-01
-1.038733768592105117e-01
-1.040530261657334893e-01
-1.042326754722564530e-01
-1.044123247787794445e-01
-1.045919740853024221e-01
-1.047716233918254136e-01
-1.049552243962905002e-01
-1.051388254007626227e-01
-1.053224264052347592e-01
-1.055060274097068956e-01
-1.056896284141790321e-01
-1.058732294186511547e-01
-1.060568304231232911e-01
-1.062404314275954276e-01
-1.064240324320675640e-01
-1.066076334365396866e-01
-1.067912344410118231e-01
-1.069748354454839595e-01
-1.071666898514538890e-01
-1.073585442574386539e-01
-1.075503986634234188e-01
-1.077422530694081698e-01
-1.079341074753929347e-01
-1.081259618813776857e-01
-1.083178162873624367e-01
-1.085096706933472155e-01
-1.087015250993319665e-01
-1.088933795053167175e-01
-1.090852339113014963e-01
-1.092770883172862473e-01
-1.094944951015379558e-01
-1.097119018858358219e-01
-1.099293086701337019e-01
-1.101467154544315402e-01
-1.103641222387294202e-01
-1.105815290230272863e-01
-1.107989358073251385e-01
-1.110163425916230046e-01
-1.112337493759208845e-01
-1.114511561602187506e-01
-1.116685629445166028e-01
-1.118859697288144689e-01
-1.121033765131121268e-01
-1.123207832974098264e-01
-1.125381900817074843e-01
-1.127555968660051561e-01
-1.129730036503028417e-01
-1.131904104346005135e-01
-1.134078172188981715e-01
-1.136252240031958433e-01
-1.138426307874935289e-01
-1.140600375717912007e-01
-1.142774443560888586e-01
-1.144948511403865443e-01
-1.147122579246842161e-01
-1.149296647089818879e-01
-1.151470714932795736e-01
-1.153644782775772315e-01
-1.155818850618749033e-01
