2.662090239564556763e-03
2.654314007043557643e-03
2.646537774522558957e-03
2.638761542001560271e-03
2.630985309480561151e-03
2.623209076959562465e-03
2.615432844438563779e-03
2.608587288867026972e-03
2.601741733295495369e-03
2.594896177723963766e-03
2.588050622152432163e-03
2.581205066580900560e-03
2.574359511009368957e-03
2.567513955437837354e-03
2.560668399866305751e-03
2.553822844294774148e-03
2.546977288723242545e-03
2.540131733151710942e-03
2.533286177580179339e-03
2.523854949534872893e-03
2.514423721489523946e-03
2.504992493444175433e-03
2.495561265398826487e-03
2.486130037353477540e-03
2.476698809308129027e-03
2.467267581262780080e-03
2.457836353217431134e-03
2.448405125172082621e-03
2.438973897126733674e-03
2.429542669081384727e-03
2.420111441036035781e-03
2.411851252124944198e-03
2.403591063213884708e-03
2.395330874302824785e-03
2.387070685391765295e-03
2.378810496480705805e-03
2.370550307569645881e-03
2.362290118658586392e-03
2.354029929747526468e-03
2.345769740836466978e-03
2.337509551925407054e-03
2.329249363014347131e-03
2.320989174103287641e-03
2.316968261810192862e-03
2.312947349517259846e-03
2.308926437224326830e-03
2.304905524931393813e-03
2.300884612638460797e-03
2.296863700345528215e-03
2.292842788052595199e-03
2.288821875759662183e-03
2.284800963466729166e-03
2.280780051173796150e-03
2.276759138880863568e-03
2.272738226587930552e-03
2.268848726599579507e-03
2.264959226611235402e-03
2.261069726622891296e-03
2.257180226634546757e-03
2.253290726646202651e-03
2.249401226657858546e-03
2.245511726669514440e-03
2.241622226681169901e-03
2.237732726692825795e-03
2.233843226704481256e-03
2.229953726716137150e-03
2.226064226727793045e-03
2.222280781696211755e-03
2.218497336664636971e-03
2.214713891633062186e-03
2.210930446601487402e-03
2.207147001569912618e-03
2.203363556538337834e-03
2.199580111506763049e-03
2.195796666475188265e-03
2.192013221443613481e-03
2.188229776412038263e-03
2.184446331380463478e-03
2.180662886348888694e-03
2.176965614286302704e-03
2.173268342223722352e-03
2.169571070161142434e-03
2.165873798098562081e-03
2.162176526035982163e-03
2.158479253973402245e-03
2.154781981910821893e-03
2.151084709848241974e-03
2.147387437785661622e-03
2.143690165723081704e-03
2.139992893660501352e-03
2.136295621597921433e-03
2.128985885430744688e-03
2.121676149263272172e-03
2.114366413095799223e-03
2.107056676928326707e-03
2.099746940760854191e-03
2.092437204593381676e-03
2.085127468425908726e-03
2.077817732258436644e-03
2.070507996090964128e-03
2.063198259923491179e-03
2.055888523756018663e-03
2.048578787588546148e-03
2.045304845242450643e-03
2.042030902896729838e-03
2.038756960551008600e-03
2.035483018205287362e-03
2.032209075859566123e-03
2.028935133513844885e-03
2.025661191168124080e-03
2.022387248822402842e-03
2.019113306476682038e-03
2.015839364130960799e-03
2.012565421785239561e-03
2.009291479439518323e-03
2.009307557231287695e-03
2.009323635023398374e-03
2.009339712815508619e-03
2.009355790607618864e-03
2.009371868399729109e-03
2.009387946191839788e-03
2.009404023983950033e-03
2.009420101776060279e-03
2.009436179568170524e-03
2.009452257360281203e-03
2.009468335152391448e-03
2.009484412944502127e-03
2.008887557191663467e-03
2.008290701438754117e-03
2.007693845685845201e-03
2.007096989932936285e-03
2.006500134180027369e-03
2.005903278427118453e-03
2.005306422674209103e-03
2.004709566921300187e-03
2.004112711168391271e-03
2.003515855415482355e-03
2.002918999662573439e-03
2.002322143909664523e-03
2.001247560138371719e-03
2.000172976367019066e-03
1.999098392595666414e-03
1.998023808824313328e-03
1.996949225052960675e-03
1.995874641281608023e-03
1.994800057510255371e-03
1.993725473738902718e-03
1.992650889967550066e-03
1.991576306196197414e-03
1.990501722424844761e-03
1.989427138653492109e-03
1.987980758432233985e-03
1.986534378210925555e-03
1.985087997989616691e-03
1.983641617768308260e-03
1.982195237546999830e-03
1.980748857325691399e-03
1.979302477104382535e-03
1.977856096883074104e-03
1.976409716661765240e-03
1.974963336440456810e-03
1.973516956219147946e-03
1.972070575997839515e-03
1.967017333967296683e-03
1.961964091936222159e-03
1.956910849905147635e-03
1.951857607874073761e-03
1.946804365842999453e-03
1.941751123811924929e-03
1.936697881780850622e-03
1.931644639749776314e-03
1.926591397718702223e-03
1.921538155687627699e-03
1.916484913656553392e-03
1.911431671625479084e-03
1.906748686060172424e-03
1.902065700494923878e-03
1.897382714929675331e-03
1.892699729364427218e-03
1.888016743799178889e-03
1.883333758233930559e-03
1.878650772668682229e-03
1.873967787103433683e-03
1.869284801538185570e-03
1.864601815972937024e-03
1.859918830407688911e-03
1.855235844842440581e-03
1.850481013107725149e-03
1.845726181372997791e-03
1.840971349638270216e-03
1.836216517903542858e-03
1.831461686168815283e-03
1.826706854434087925e-03
1.821952022699360350e-03
1.817197190964632992e-03
1.812442359229905417e-03
1.807687527495178276e-03
1.802932695760450484e-03
1.798177864025723343e-03
1.790403019895367995e-03
1.782628175764469029e-03
1.774853331633570062e-03
1.767078487502670662e-03
1.759303643371771695e-03
1.751528799240872729e-03
1.743753955109973762e-03
1.735979110979074796e-03
1.728204266848175829e-03
1.720429422717276646e-03
1.712654578586377679e-03
1.704879734455478713e-03
1.697935520441673073e-03
1.690991306428026161e-03
1.684047092414379249e-03
1.677102878400732336e-03
1.670158664387085424e-03
1.663214450373438512e-03
1.656270236359791599e-03
1.649326022346144687e-03
1.642381808332497774e-03
1.635437594318850862e-03
1.628493380305203950e-03
1.621549166291557037e-03
1.611941303177791230e-03
1.602333440063487659e-03
1.592725576949184088e-03
1.583117713834880516e-03
1.573509850720577162e-03
1.563901987606273591e-03
1.554294124491969803e-03
1.544686261377666231e-03
1.535078398263362660e-03
1.525470535149059306e-03
1.515862672034755734e-03
1.506254808920452163e-03
1.494439241044459967e-03
1.482623673167997877e-03
1.470808105291535788e-03
1.458992537415073915e-03
1.447176969538612043e-03
1.435361401662149953e-03
1.423545833785688081e-03
1.411730265909225991e-03
1.399914698032763902e-03
1.388099130156302029e-03
1.376283562279840157e-03
1.364467994403378067e-03
1.354120545721649183e-03
1.343773097040248596e-03
1.333425648358848442e-03
1.323078199677448072e-03
1.312730750996047701e-03
1.302383302314647114e-03
1.292035853633246743e-03
1.281688404951846372e-03
1.271340956270446002e-03
1.260993507589045631e-03
1.250646058907645044e-03
1.240298610226244673e-03
1.231106074781750494e-03
1.221913539337527365e-03
1.212721003893304020e-03
1.203528468449081108e-03
1.194335933004857762e-03
1.185143397560634634e-03
1.175950862116411505e-03
1.166758326672188376e-03
1.157565791227965248e-03
1.148373255783741902e-03
1.139180720339518990e-03
1.129988184895295645e-03
1.114704022378140789e-03
1.099419859859490168e-03
1.084135697340839330e-03
1.068851534822188492e-03
1.053567372303537870e-03
1.038283209784887032e-03
1.022999047266236411e-03
1.007714884747585573e-03
9.924307222289349521e-04
9.771465597102841141e-04
9.618623971916333846e-04
9.465782346729826550e-04
9.332646382089608865e-04
9.199510417454443562e-04
9.066374452819279343e-04
8.933238488184115124e-04
8.800102523548950905e-04
8.666966558913786686e-04
8.533830594278622467e-04
8.400694629643458249e-04
8.267558665008294030e-04
8.134422700373128727e-04
8.001286735737965592e-04
7.868150771102802457e-04
7.717330709082154214e-04
7.566510647056777766e-04
7.415690585031401317e-04
7.264870523006025952e-04
7.114050460980649504e-04
6.963230398955273055e-04
6.812410336929897690e-04
6.661590274904520157e-04
6.510770212879143709e-04
6.359950150853768344e-04
6.209130088828391895e-04
6.058310026803015447e-04
5.892447871696234818e-04
5.726585716585269169e-04
5.560723561474303521e-04
5.394861406363336788e-04
5.228999251252370055e-04
5.063137096141404406e-04
4.897274941030437673e-04
4.731412785919471482e-04
4.565550630808504749e-04
4.399688475697538558e-04
4.233826320586572367e-04
4.067964165475605634e-04
3.955496225701484597e-04
3.843028285942805852e-04
3.730560346184126565e-04
3.618092406425447820e-04
3.505624466666769075e-04
3.393156526908089787e-04
3.280688587149411042e-04
3.168220647390732839e-04
3.055752707632053552e-04
2.943284767873374265e-04
2.830816828114696062e-04
2.718348888356016775e-04
2.579014264761871522e-04
2.439679641159662787e-04
2.300345017557453781e-04
2.161010393955245046e-04
2.021675770353036311e-04
1.882341146750827576e-04
1.743006523148618570e-04
1.603671899546409835e-04
1.464337275944201100e-04
1.325002652341992094e-04
1.185668028739783223e-04
1.046333405137574488e-04
9.214599024840786946e-05
7.965863998350808492e-05
6.717128971860828683e-05
5.468393945370850228e-05
4.219658918880872452e-05
2.970923892390893998e-05
1.722188865900916221e-05
4.734538394109375975e-06
-7.752811870790411955e-06
-2.024016213569018125e-05
-3.272751240058996918e-05
-4.521486266548975372e-05
-5.656253784233936202e-05
-6.791021301882202888e-05
-7.925788819530470250e-05
-9.060556337178736258e-05
-1.019532385482700498e-04
-1.133009137247527234e-04
-1.246485889012354106e-04
-1.359962640777180706e-04
-1.473439392542007578e-04
-1.586916144306834179e-04
-1.700392896071660780e-04
-1.813869647836487381e-04
-1.918351052657603101e-04
-2.022832457475724527e-04
-2.127313862293845953e-04
-2.231795267111967378e-04
-2.336276671930088533e-04
-2.440758076748209958e-04
-2.545239481566331113e-04
-2.649720886384452538e-04
-2.754202291202573964e-04
-2.858683696020695390e-04
-2.963165100838816815e-04
-3.067646505656938241e-04
-3.198195079377617249e-04
-3.328743653107257730e-04
-3.459292226836898753e-04
-3.589840800566539776e-04
-3.720389374296180257e-04
-3.850937948025820738e-04
-3.981486521755462304e-04
-4.112035095485102785e-04
-4.242583669214743266e-04
-4.373132242944384289e-04
-4.503680816674024770e-04
-4.634229390403665251e-04
-4.720018444634527200e-04
-4.805807498849512635e-04
-4.891596553064496986e-04
-4.977385607279482963e-04
-5.063174661494468940e-04
-5.148963715709453833e-04
-5.234752769924439809e-04
-5.320541824139424702e-04
-5.406330878354409595e-04
-5.492119932569395572e-04
-5.577908986784380465e-04
-5.663698040999365357e-04
-5.816296065851294132e-04
-5.968894090727648897e-04
-6.121492115604002578e-04
-6.274090140480357344e-04
-6.426688165356712109e-04
-6.579286190233066874e-04
-6.731884215109420555e-04
-6.884482239985775321e-04
-7.037080264862130086e-04
-7.189678289738484851e-04
-7.342276314614839617e-04
-7.494874339491194382e-04
-7.632364953007913025e-04
-7.769855566518941775e-04
-7.907346180029971609e-04
-8.044836793541000359e-04
-8.182327407052031277e-04
-8.319818020563061111e-04
-8.457308634074089861e-04
-8.594799247585119695e-04
-8.732289861096148445e-04
-8.869780474607178280e-04
-9.007271088118209198e-04
-9.144761701629237948e-04
-9.303520456194728930e-04
-9.462279210768459849e-04
-9.621037965342190768e-04
-9.779796719915922771e-04
-9.938555474489651521e-04
-1.009731422906338461e-03
-1.025607298363711553e-03
-1.041483173821084645e-03
-1.057359049278457737e-03
-1.073234924735830828e-03
-1.089110800193203920e-03
-1.104986675650577012e-03
-1.129281821105806169e-03
-1.153576966564388981e-03
-1.177872112022972009e-03
-1.202167257481555037e-03
-1.226462402940137848e-03
-1.250757548398720876e-03
-1.275052693857303687e-03
-1.299347839315886715e-03
-1.323642984774469743e-03
-1.347938130233052555e-03
-1.372233275691635583e-03
-1.396528421150218394e-03
-1.421148872291245428e-03
-1.445769323432405601e-03
-1.470389774573565558e-03
-1.495010225714725732e-03
-1.519630676855885905e-03
-1.544251127997045862e-03
-1.568871579138206036e-03
-1.593492030279366209e-03
-1.618112481420526383e-03
-1.642732932561686340e-03
-1.667353383702846513e-03
-1.691973834844006687e-03
-1.714010759809231127e-03
-1.736047684773369629e-03
-1.758084609737508349e-03
-1.780121534701646852e-03
-1.802158459665785572e-03
-1.824195384629924508e-03
-1.846232309594063228e-03
-1.868269234558201730e-03
-1.890306159522340450e-03
-1.912343084486479387e-03
-1.934380009450618106e-03
-1.956416934414756826e-03
-1.979386287086967559e-03
-2.002355639759580315e-03
-2.025324992432193071e-03
-2.048294345104806260e-03
-2.071263697777418582e-03
-2.094233050450031337e-03
-2.117202403122644527e-03
-2.140171755795257282e-03
-2.163141108467870038e-03
-2.186110461140482793e-03
-2.209079813813095549e-03
-2.232049166485708738e-03
-2.252545231303121082e-03
-2.273041296119440551e-03
-2.293537360935760019e-03
-2.314033425752079053e-03
-2.334529490568398521e-03
-2.355025555384717990e-03
-2.375521620201037458e-03
-2.396017685017356492e-03
-2.416513749833675961e-03
-2.437009814649995429e-03
-2.457505879466314897e-03
-2.478001944282633932e-03
-2.499867658048984895e-03
-2.521733371815956023e-03
-2.543599085582927150e-03
-2.565464799349897844e-03
-2.587330513116869405e-03
-2.609196226883840532e-03
-2.631061940650811660e-03
-2.652927654417782787e-03
-2.674793368184753915e-03
-2.696659081951724608e-03
-2.718524795718696169e-03
-2.740390509485667297e-03
-2.763443152121162864e-03
-2.786495794757209207e-03
-2.809548437393255115e-03
-2.832601080029301457e-03
-2.855653722665347800e-03
-2.878706365301393275e-03
-2.901759007937439617e-03
-2.924811650573486393e-03
-2.947864293209532735e-03
-2.970916935845578210e-03
-2.993969578481624552e-03
-3.017022221117670894e-03
-3.037800085954595660e-03
-3.058577950790439693e-03
-3.079355815626284160e-03
-3.100133680462128193e-03
-3.120911545297972659e-03
-3.141689410133817126e-03
-3.162467274969661592e-03
-3.183245139805505625e-03
-3.204023004641350092e-03
-3.224800869477194125e-03
-3.245578734313039025e-03
-3.266356599148883058e-03
-3.285340695214391139e-03
-3.304324791279027521e-03
-3.323308887343664336e-03
-3.342292983408301152e-03
-3.361277079472937968e-03
-3.380261175537574783e-03
-3.399245271602211599e-03
-3.418229367666847981e-03
-3.437213463731484796e-03
-3.456197559796121612e-03
-3.475181655860758428e-03
-3.494165751925395243e-03
-3.515051086889939627e-03
-3.535936421855429002e-03
-3.556821756820917942e-03
-3.577707091786406883e-03
-3.598592426751895824e-03
-3.619477761717385198e-03
-3.640363096682874139e-03
-3.661248431648363080e-03
-3.682133766613852454e-03
-3.703019101579341395e-03
-3.723904436544830335e-03
-3.744789771510319276e-03
-3.763959657966768624e-03
-3.783129544422347140e-03
-3.802299430877925223e-03
-3.821469317333503739e-03
-3.840639203789081822e-03
-3.859809090244660339e-03
-3.878978976700238855e-03
-3.898148863155816938e-03
-3.917318749611395021e-03
-3.936488636066973537e-03
-3.955658522522552054e-03
-3.974828408978130570e-03
-3.999278538089988573e-03
-4.023728667204583970e-03
-4.048178796319178499e-03
-4.072628925433773896e-03
-4.097079054548370160e-03
-4.121529183662965556e-03
-4.145979312777560086e-03
-4.170429441892155482e-03
-4.194879571006750879e-03
-4.219329700121346276e-03
-4.243779829235941672e-03
-4.268229958350537069e-03
-4.294100977121763189e-03
-4.319971995893740445e-03
-4.345843014665718568e-03
-4.371714033437696691e-03
-4.397585052209674814e-03
-4.423456070981652069e-03
-4.449327089753630192e-03
-4.475198108525608315e-03
-4.501069127297586438e-03
-4.526940146069564561e-03
-4.552811164841541816e-03
-4.578682183613520806e-03
-4.598790565860957219e-03
-4.618898948105280670e-03
-4.639007330349603254e-03
-4.659115712593926706e-03
-4.679224094838250157e-03
-4.699332477082573609e-03
-4.719440859326897060e-03
-4.739549241571221379e-03
-4.759657623815544830e-03
-4.779766006059868282e-03
-4.799874388304191733e-03
-4.819982770548515184e-03
-4.838756536097093414e-03
-4.857530301644934385e-03
-4.876304067192777092e-03
-4.895077832740618931e-03
-4.913851598288461638e-03
-4.932625363836303477e-03
-4.951399129384145316e-03
-4.970172894931988022e-03
-4.988946660479829862e-03
-5.007720426027672568e-03
-5.026494191575514407e-03
-5.045267957123356246e-03
-5.062983365578024517e-03
-5.080698774032098644e-03
-5.098414182486171904e-03
-5.116129590940246032e-03
-5.133844999394319292e-03
-5.151560407848392552e-03
-5.169275816302466679e-03
-5.186991224756539939e-03
-5.204706633210614067e-03
-5.222422041664687327e-03
-5.240137450118760587e-03
-5.257852858572833847e-03
-5.281727534022970759e-03
-5.305602209476636966e-03
-5.329476884930302305e-03
-5.353351560383967644e-03
-5.377226235837632984e-03
-5.401100911291298323e-03
-5.424975586744963663e-03
-5.448850262198630737e-03
-5.472724937652296076e-03
-5.496599613105961415e-03
-5.520474288559626755e-03
-5.544348964013292094e-03
-5.572934207003936435e-03
-5.601519449997330313e-03
-5.630104692990724191e-03
-5.658689935984118936e-03
-5.687275178977512814e-03
-5.715860421970907559e-03
-5.744445664964301437e-03
-5.773030907957696183e-03
-5.801616150951090060e-03
-5.830201393944484806e-03
-5.858786636937878683e-03
-5.887371879931273429e-03
-5.909928658132300450e-03
-5.932485436329742665e-03
-5.955042214527184012e-03
-5.977598992724624492e-03
-6.000155770922065840e-03
-6.022712549119508055e-03
-6.045269327316949402e-03
-6.067826105514390750e-03
-6.090382883711832965e-03
-6.112939661909274312e-03
-6.135496440106715660e-03
-6.158053218304157875e-03
-6.186066847796737808e-03
-6.214080477292624992e-03
-6.242094106788510441e-03
-6.270107736284395890e-03
-6.298121365780281339e-03
-6.326134995276167655e-03
-6.354148624772053104e-03
-6.382162254267938553e-03
-6.410175883763824002e-03
-6.438189513259709451e-03
-6.466203142755594900e-03
-6.494216772251481216e-03
-6.523071080329129710e-03
-6.551925388407298621e-03
-6.580779696485465798e-03
-6.609634004563634709e-03
-6.638488312641801885e-03
-6.667342620719969928e-03
-6.696196928798137105e-03
-6.725051236876304281e-03
-6.753905544954473192e-03
-6.782759853032640368e-03
-6.811614161110809279e-03
-6.840468469188976455e-03
-6.866772580044357317e-03
-6.893076690898137897e-03
-6.919380801751917609e-03
-6.945684912605698189e-03
-6.971989023459477901e-03
-6.998293134313259348e-03
-7.024597245167039060e-03
-7.050901356020819639e-03
-7.077205466874599352e-03
-7.103509577728380799e-03
-7.129813688582160511e-03
-7.156117799435941090e-03
-7.190727403106546463e-03
-7.225337006782455752e-03
-7.259946610458365042e-03
-7.294556214134272597e-03
-7.329165817810181886e-03
-7.363775421486091176e-03
-7.398385025161998731e-03
-7.432994628837908020e-03
-7.467604232513817310e-03
-7.502213836189724865e-03
-7.536823439865634154e-03
-7.571433043541543444e-03
-7.595965864787067139e-03
-7.620498686026048324e-03
-7.645031507265028642e-03
-7.669564328504008960e-03
-7.694097149742989278e-03
-7.718629970981971331e-03
-7.743162792220951648e-03
-7.767695613459931966e-03
-7.792228434698912284e-03
-7.816761255937894337e-03
-7.841294077176874655e-03
-7.865826898415854973e-03
-7.892152964997213582e-03
-7.918479031579757008e-03
-7.944805098162298698e-03
-7.971131164744842124e-03
-7.997457231327383814e-03
-8.023783297909927240e-03
-8.050109364492468930e-03
-8.076435431075012356e-03
-8.102761497657555781e-03
-8.129087564240099206e-03
-8.155413630822640897e-03
-8.181739697405184322e-03
-8.213262236529983787e-03
-8.244784775658270046e-03
-8.276307314786556305e-03
-8.307829853914842563e-03
-8.339352393043130557e-03
-8.370874932171416816e-03
-8.402397471299703074e-03
-8.433920010427991068e-03
-8.465442549556277327e-03
-8.496965088684565320e-03
-8.528487627812851579e-03
-8.560010166941137838e-03
-8.588848983143507199e-03
-8.617687799344048161e-03
-8.646526615544587388e-03
-8.675365431745128350e-03
-8.704204247945667577e-03
-8.733043064146206805e-03
-8.761881880346747767e-03
-8.790720696547286994e-03
-8.819559512747826222e-03
-8.848398328948367184e-03
-8.877237145148906411e-03
-8.906075961349445638e-03
-8.939795731717043240e-03
-8.973515502088023552e-03
-9.007235272459005598e-03
-9.040955042829985910e-03
-9.074674813200966222e-03
-9.108394583571946534e-03
-9.142114353942926847e-03
-9.175834124313907159e-03
-9.209553894684887471e-03
-9.243273665055867783e-03
-9.276993435426848095e-03
-9.310713205797830141e-03
-9.348137188912220355e-03
-9.385561172029217858e-03
-9.422985155146215361e-03
-9.460409138263212864e-03
-9.497833121380210367e-03
-9.535257104497207870e-03
-9.572681087614205372e-03
-9.610105070731204610e-03
-9.647529053848202113e-03
-9.684953036965199616e-03
-9.722377020082197119e-03
-9.759801003199194622e-03
-9.800722446293460080e-03
-9.841643889390225275e-03
-9.882565332486990470e-03
-9.923486775583755665e-03
-9.964408218680520860e-03
-1.000532966177728605e-02
-1.004625110487405125e-02
-1.008717254797081471e-02
-1.012809399106757990e-02
-1.016901543416434510e-02
-1.020993687726111029e-02
-1.025085832035787549e-02
-1.028776182014451250e-02
-1.032466531992823518e-02
-1.036156881971195785e-02
-1.039847231949567880e-02
-1.043537581927939974e-02
-1.047227931906312241e-02
-1.050918281884684509e-02
-1.054608631863056603e-02
-1.058298981841428697e-02
-1.061989331819800965e-02
-1.065679681798173059e-02
-1.069370031776545153e-02
-1.073075335620220401e-02
-1.076780639463906925e-02
-1.080485943307592928e-02
-1.084191247151279451e-02
-1.087896550994965628e-02
-1.091601854838651978e-02
-1.095307158682338154e-02
-1.099012462526024504e-02
-1.102717766369710681e-02
-1.106423070213397031e-02
-1.110128374057083207e-02
-1.113833677900769557e-02
-1.117929402418529894e-02
-1.122025126936582358e-02
-1.126120851454634648e-02
-1.130216575972686939e-02
-1.134312300490739403e-02
-1.138408025008791694e-02
-1.142503749526843811e-02
-1.146599474044896275e-02
-1.150695198562948565e-02
-1.154790923081000856e-02
-1.158886647599053320e-02
-1.162982372117105610e-02
-1.167039843104970831e-02
-1.171097314092807429e-02
-1.175154785080643853e-02
-1.179212256068480277e-02
-1.183269727056316528e-02
-1.187327198044153299e-02
-1.191384669031989550e-02
-1.195442140019825975e-02
-1.199499611007662572e-02
-1.203557081995498997e-02
-1.207614552983335247e-02
-1.211672023971171845e-02
-1.215746274158517951e-02
-1.219820524345877066e-02
-1.223894774533236182e-02
-1.227969024720595298e-02
-1.232043274907954414e-02
-1.236117525095313530e-02
-1.240191775282672645e-02
-1.244266025470031761e-02
-1.248340275657390877e-02
-1.252414525844749993e-02
-1.256488776032109109e-02
-1.260563026219468225e-02
-1.264293696456821568e-02
-1.268024366693906724e-02
-1.271755036930991879e-02
-1.275485707168077035e-02
-1.279216377405162364e-02
-1.282947047642247693e-02
-1.286677717879332848e-02
-1.290408388116418177e-02
-1.294139058353503333e-02
-1.297869728590588488e-02
-1.301600398827673644e-02
-1.305331069064758973e-02
-1.308790275074891984e-02
-1.312249481084810238e-02
-1.315708687094728664e-02
-1.319167893104646917e-02
-1.322627099114565170e-02
-1.326086305124483597e-02
-1.329545511134401850e-02
-1.333004717144320103e-02
-1.336463923154238530e-02
-1.339923129164156783e-02
-1.343382335174075036e-02
-1.346841541183993463e-02
-1.350417605535025878e-02
-1.353993669886151968e-02
-1.357569734237278232e-02
-1.361145798588404322e-02
-1.364721862939530413e-02
-1.368297927290656676e-02
-1.371873991641782767e-02
-1.375450055992909204e-02
-1.379026120344035294e-02
-1.382602184695161385e-02
-1.386178249046287649e-02
-1.389754313397413739e-02
-1.393136818715873075e-02
-1.396519324034175245e-02
-1.399901829352477589e-02
-1.403284334670779586e-02
-1.406666839989081756e-02
-1.410049345307383753e-02
-1.413431850625685923e-02
-1.416814355943987920e-02
-1.420196861262290090e-02
-1.423579366580592434e-02
-1.426961871898894431e-02
-1.430344377217196601e-02
-1.433537812063717318e-02
-1.436731246910081909e-02
-1.439924681756446674e-02
-1.443118116602811439e-02
-1.446311551449176377e-02
-1.449504986295540969e-02
-1.452698421141905734e-02
-1.455891855988270672e-02
-1.459085290834635437e-02
-1.462278725681000202e-02
-1.465472160527364794e-02
-1.468665595373729905e-02
-1.472040419960141296e-02
-1.475415244546704301e-02
-1.478790069133267306e-02
-1.482164893719830484e-02
-1.485539718306393489e-02
-1.488914542892956321e-02
-1.492289367479519326e-02
-1.495664192066082504e-02
-1.499039016652645509e-02
-1.502413841239208341e-02
-1.505788665825771346e-02
-1.509163490412334524e-02
-1.512690598433597336e-02
-1.516217706454988864e-02
-1.519744814476380393e-02
-1.523271922497771921e-02
-1.526799030519163450e-02
-1.530326138540555152e-02
-1.533853246561946680e-02
-1.537380354583338209e-02
-1.540907462604729737e-02
-1.544434570626121266e-02
-1.547961678647512794e-02
-1.551488786668904496e-02
-1.555513633620746877e-02
-1.559538480573015827e-02
-1.563563327525284777e-02
-1.567588174477553553e-02
-1.571613021429822676e-02
-1.575637868382091453e-02
-1.579662715334360229e-02
-1.583687562286629005e-02
-1.587712409238898129e-02
-1.591737256191166905e-02
-1.595762103143436028e-02
-1.599786950095704804e-02
-1.603193735401511194e-02
-1.606600520706781207e-02
-1.610007306012050873e-02
-1.613414091317321233e-02
-1.616820876622591246e-02
-1.620227661927861260e-02
-1.623634447233131273e-02
-1.627041232538401286e-02
-1.630448017843671299e-02
-1.633854803148941312e-02
-1.637261588454211325e-02
-1.640668373759481338e-02
-1.644607931661185365e-02
-1.648547489563357768e-02
-1.652487047465530171e-02
-1.656426605367702573e-02
-1.660366163269874976e-02
-1.664305721172047378e-02
-1.668245279074220128e-02
-1.672184836976392530e-02
-1.676124394878564933e-02
-1.680063952780737335e-02
-1.684003510682909738e-02
-1.687943068585082140e-02
-1.691955590209705609e-02
-1.695968111834394304e-02
-1.699980633459082999e-02
-1.703993155083771693e-02
-1.708005676708460388e-02
-1.712018198333149083e-02
-1.716030719957837430e-02
-1.720043241582526125e-02
-1.724055763207214820e-02
-1.728068284831903514e-02
-1.732080806456592209e-02
-1.736093328081280904e-02
-1.740172952856255950e-02
-1.744252577631291712e-02
-1.748332202406327474e-02
-1.752411827181362888e-02
-1.756491451956398650e-02
-1.760571076731434412e-02
-1.764650701506469826e-02
-1.768730326281505241e-02
-1.772809951056541003e-02
-1.776889575831576765e-02
-1.780969200606612179e-02
-1.785048825381647941e-02
-1.789559224249198319e-02
-1.794069623117141091e-02
-1.798580021985083863e-02
-1.803090420853026982e-02
-1.807600819720969754e-02
-1.812111218588912873e-02
-1.816621617456855992e-02
-1.821132016324798417e-02
-1.825642415192741536e-02
-1.830152814060684308e-02
-1.834663212928627427e-02
-1.839173611796570199e-02
-1.843676869860408699e-02
-1.848180127924240607e-02
-1.852683385988072168e-02
-1.857186644051904076e-02
-1.861689902115735984e-02
-1.866193160179567892e-02
-1.870696418243399453e-02
-1.875199676307231361e-02
-1.879702934371062922e-02
-1.884206192434894830e-02
-1.888709450498726738e-02
-1.893212708562558300e-02
-1.897056509555314352e-02
-1.900900310547454924e-02
-1.904744111539595497e-02
-1.908587912531736069e-02
-1.912431713523876642e-02
-1.916275514516017214e-02
-1.920119315508157787e-02
-1.923963116500298359e-02
-1.927806917492438932e-02
-1.931650718484579504e-02
-1.935494519476720077e-02
-1.939338320468860649e-02
-1.943350392696707035e-02
-1.947362464924713016e-02
-1.951374537152718303e-02
-1.955386609380723936e-02
-1.959398681608729223e-02
-1.963410753836734857e-02
-1.967422826064740143e-02
-1.971434898292746124e-02
-1.975446970520751411e-02
-1.979459042748757044e-02
-1.983471114976762331e-02
-1.987483187204767965e-02
-1.991933555549094126e-02
-1.996383923893839049e-02
-2.000834292238583972e-02
-2.005284660583328549e-02
-2.009735028928073472e-02
-2.014185397272818048e-02
-2.018635765617562972e-02
-2.023086133962307548e-02
-2.027536502307052471e-02
-2.031986870651797394e-02
-2.036437238996542318e-02
-2.040887607341286894e-02
-2.045039933679209873e-02
-2.049192260016844541e-02
-2.053344586354479556e-02
-2.057496912692114224e-02
-2.061649239029749239e-02
-2.065801565367384254e-02
-2.069953891705018922e-02
-2.074106218042653937e-02
-2.078258544380288952e-02
-2.082410870717923967e-02
-2.086563197055558982e-02
-2.090715523393193651e-02
-2.095331647803763339e-02
-2.099947772214786137e-02
-2.104563896625809283e-02
-2.109180021036831734e-02
-2.113796145447854880e-02
-2.118412269858877678e-02
-2.123028394269900476e-02
-2.127644518680923275e-02
-2.132260643091946073e-02
-2.136876767502968871e-02
-2.141492891913991670e-02
-2.146109016325014468e-02
-2.150080060959938186e-02
-2.154051105594224219e-02
-2.158022150228510599e-02
-2.161993194862797327e-02
-2.165964239497083707e-02
-2.169935284131369740e-02
-2.173906328765656468e-02
-2.177877373399942848e-02
-2.181848418034229575e-02
-2.185819462668515609e-02
-2.189790507302801989e-02
-2.193761551937088716e-02
-2.198207278557781641e-02
-2.202653005178948492e-02
-2.207098731800115690e-02
-2.211544458421282888e-02
-2.215990185042450086e-02
-2.220435911663617284e-02
-2.224881638284784482e-02
-2.229327364905950987e-02
-2.233773091527118185e-02
-2.238218818148285383e-02
-2.242664544769452581e-02
-2.247110271390619779e-02
-2.251322850466543762e-02
-2.255535429542232864e-02
-2.259748008617921966e-02
-2.263960587693611068e-02
-2.268173166769299823e-02
-2.272385745844988578e-02
-2.276598324920678026e-02
-2.280810903996366781e-02
-2.285023483072055883e-02
-2.289236062147744985e-02
-2.293448641223434087e-02
-2.297661220299122842e-02
-2.301653088151203383e-02
-2.305644956003058410e-02
-2.309636823854912743e-02
-2.313628691706768117e-02
-2.317620559558623144e-02
-2.321612427410478172e-02
-2.325604295262333199e-02
-2.329596163114188226e-02
-2.333588030966043253e-02
-2.337579898817897933e-02
-2.341571766669752960e-02
-2.345563634521608334e-02
-2.349379675637977213e-02
-2.353195716754164987e-02
-2.357011757870352414e-02
-2.360827798986539841e-02
-2.364643840102727615e-02
-2.368459881218915389e-02
-2.372275922335102816e-02
-2.376091963451290243e-02
-2.379908004567478016e-02
-2.383724045683665790e-02
-2.387540086799853217e-02
-2.391356127916040991e-02
-2.394736216970258166e-02
-2.398116306024021538e-02
-2.401496395077784909e-02
-2.404876484131547934e-02
-2.408256573185310959e-02
-2.411636662239073983e-02
-2.415016751292837355e-02
-2.418396840346600032e-02
-2.421776929400363404e-02
-2.425157018454126776e-02
-2.428537107507889453e-02
-2.431917196561652825e-02
-2.435568895456762320e-02
-2.439220594352157698e-02
-2.442872293247553422e-02
-2.446523992142949147e-02
-2.450175691038344178e-02
-2.453827389933740249e-02
-2.457479088829135280e-02
-2.461130787724531005e-02
-2.464782486619926383e-02
-2.468434185515322107e-02
-2.472085884410717485e-02
-2.475737583306113210e-02
-2.478948101696734629e-02
-2.482158620086886980e-02
-2.485369138477039330e-02
-2.488579656867191681e-02
-2.491790175257343337e-02
-2.495000693647495688e-02
-2.498211212037648038e-02
-2.501421730427800388e-02
-2.504632248817952739e-02
-2.507842767208104742e-02
-2.511053285598257093e-02
-2.514263803988409096e-02
-2.517813485459134346e-02
-2.521363166930224581e-02
-2.524912848401314816e-02
-2.528462529872404357e-02
-2.532012211343494246e-02
-2.535561892814584481e-02
-2.539111574285674022e-02
-2.542661255756764258e-02
-2.546210937227854493e-02
-2.549760618698944381e-02
-2.553310300170033922e-02
-2.556859981641124158e-02
-2.560318110910759712e-02
-2.563776240180296387e-02
-2.567234369449832715e-02
-2.570692498719368696e-02
-2.574150627988905024e-02
-2.577608757258441352e-02
-2.581066886527978027e-02
-2.584525015797514008e-02
-2.587983145067050336e-02
-2.591441274336586317e-02
-2.594899403606122992e-02
-2.598357532875659320e-02
-2.602109404096411907e-02
-2.605861275317486805e-02
-2.609613146538562051e-02
-2.613365017759636949e-02
-2.617116888980711847e-02
-2.620868760201786746e-02
-2.624620631422861644e-02
-2.628372502643936542e-02
-2.632124373865011094e-02
-2.635876245086086686e-02
-2.639628116307161584e-02
-2.643379987528236136e-02
-2.647004682066759693e-02
-2.650629376605142043e-02
-2.654254071143524046e-02
-2.657878765681906744e-02
-2.661503460220289094e-02
-2.665128154758671791e-02
-2.668752849297054142e-02
-2.672377543835436145e-02
-2.676002238373818842e-02
-2.679626932912201193e-02
-2.683251627450583890e-02
-2.686876321988966240e-02
-2.690766810441536788e-02
-2.694657298894405362e-02
-2.698547787347273241e-02
-2.702438275800141468e-02
-2.706328764253009347e-02
-2.710219252705877921e-02
-2.714109741158746147e-02
-2.718000229611614027e-02
-2.721890718064482600e-02
-2.725781206517350480e-02
-2.729671694970218707e-02
-2.733562183423086586e-02
-2.737340060932462113e-02
-2.741117938441709964e-02
-2.744895815950958162e-02
-2.748673693460206360e-02
-2.752451570969454558e-02
-2.756229448478702410e-02
-2.760007325987950608e-02
-2.763785203497198806e-02
-2.767563081006447004e-02
-2.771340958515695202e-02
-2.775118836024942706e-02
-2.778896713534190904e-02
-2.782548326454646614e-02
-2.786199939374957996e-02
-2.789851552295269724e-02
-2.793503165215581452e-02
-2.797154778135892833e-02
-2.800806391056204561e-02
-2.804458003976516289e-02
-2.808109616896827324e-02
-2.811761229817139052e-02
-2.815412842737450780e-02
-2.819064455657762508e-02
-2.822716068578073889e-02
-2.826634162786322360e-02
-2.830552256994877530e-02
-2.834470351203432700e-02
-2.838388445411988217e-02
-2.842306539620543387e-02
-2.846224633829098558e-02
-2.850142728037653728e-02
-2.854060822246208898e-02
-2.857978916454764068e-02
-2.861897010663319585e-02
-2.865815104871874755e-02
-2.869733199080429925e-02
-2.873870999645454505e-02
-2.878008800210734436e-02
-2.882146600776014020e-02
-2.886284401341293951e-02
-2.890422201906573882e-02
-2.894560002471853466e-02
-2.898697803037133397e-02
-2.902835603602413328e-02
-2.906973404167693259e-02
-2.911111204732973190e-02
-2.915249005298253121e-02
-2.919386805863533052e-02
-2.923375810218255960e-02
-2.927364814572803661e-02
-2.931353818927352056e-02
-2.935342823281900451e-02
-2.939331827636448499e-02
-2.943320831990996894e-02
-2.947309836345545289e-02
-2.951298840700093684e-02
-2.955287845054641385e-02
-2.959276849409189780e-02
-2.963265853763738175e-02
-2.967254858118286223e-02
-2.972121088332251720e-02
-2.976987318547256664e-02
-2.981853548762260567e-02
-2.986719778977265163e-02
-2.991586009192269760e-02
-2.996452239407274704e-02
-3.001318469622278606e-02
-3.006184699837283203e-02
-3.011050930052287800e-02
-3.015917160267292049e-02
-3.020783390482296646e-02
-3.025649620697301243e-02
-3.029911628653608746e-02
-3.034173636609193911e-02
-3.038435644564779076e-02
-3.042697652520364240e-02
-3.046959660475949405e-02
-3.051221668431534917e-02
-3.055483676387120082e-02
-3.059745684342705246e-02
-3.064007692298290411e-02
-3.068269700253875576e-02
-3.072531708209461088e-02
-3.076793716165046252e-02
-3.081195237015710298e-02
-3.085596757866542958e-02
-3.089998278717375271e-02
-3.094399799568207585e-02
-3.098801320419040592e-02
-3.103202841269872905e-02
-3.107604362120705913e-02
-3.112005882971538226e-02
-3.116407403822370886e-02
-3.120808924673203200e-02
-3.125210445524035513e-02
-3.129611966374868520e-02
-3.133836859406582964e-02
-3.138061752438082996e-02
-3.142286645469583722e-02
-3.146511538501083061e-02
-3.150736431532583093e-02
-3.154961324564083125e-02
-3.159186217595583851e-02
-3.163411110627083189e-02
-3.167636003658583221e-02
-3.171860896690083254e-02
-3.176085789721583286e-02
-3.180310682753083318e-02
-3.184727259889521406e-02
-3.189143837026195416e-02
-3.193560414162868732e-02
-3.197976991299542743e-02
-3.202393568436216753e-02
-3.206810145572890069e-02
-3.211226722709564080e-02
-3.215643299846237396e-02
-3.220059876982910713e-02
-3.224476454119584723e-02
-3.228893031256258039e-02
-3.233309608392931356e-02
-3.237887077733674762e-02
-3.242464547074617315e-02
-3.247042016415559867e-02
-3.251619485756502420e-02
-3.256196955097444973e-02
-3.260774424438387525e-02
-3.265351893779329384e-02
-3.269929363120271937e-02
-3.274506832461214489e-02
-3.279084301802157042e-02
-3.283661771143099595e-02
-3.288239240484041453e-02
-3.293285235839122499e-02
-3.298331231194789187e-02
-3.303377226550455875e-02
-3.308423221906122563e-02
-3.313469217261789251e-02
-3.318515212617455939e-02
-3.323561207973121934e-02
-3.328607203328788622e-02
-3.333653198684455310e-02
-3.338699194040121304e-02
-3.343745189395787992e-02
-3.348791184751454680e-02
-3.353895511472277519e-02
-3.358999838193172521e-02
-3.364104164914068218e-02
-3.369208491634964608e-02
-3.374312818355860305e-02
-3.379417145076756002e-02
-3.384521471797651698e-02
-3.389625798518547395e-02
-3.394730125239443091e-02
-3.399834451960338788e-02
-3.404938778681235179e-02
-3.410043105402130875e-02
-3.415571953221139406e-02
-3.421100801040687783e-02
-3.426629648860236160e-02
-3.432158496679784537e-02
-3.437687344499332914e-02
-3.443216192318881291e-02
-3.448745040138430362e-02
-3.454273887957978739e-02
-3.459802735777526422e-02
-3.465331583597075493e-02
-3.470860431416623870e-02
-3.476389279236172247e-02
-3.481906704301589855e-02
-3.487424129366993586e-02
-3.492941554432396623e-02
-3.498458979497799659e-02
-3.503976404563202696e-02
-3.509493829628606426e-02
-3.515011254694009463e-02
-3.520528679759412499e-02
-3.526046104824816230e-02
-3.531563529890219266e-02
-3.537080954955622303e-02
-3.542598380021026033e-02
-3.548817330152995164e-02
-3.555036280285871902e-02
-3.561255230418748641e-02
-3.567474180551624685e-02
-3.573693130684501423e-02
-3.579912080817378162e-02
-3.586131030950254900e-02
-3.592349981083131638e-02
-3.598568931216007682e-02
-3.604787881348884421e-02
-3.611006831481761159e-02
-3.617225781614637897e-02
-3.623330819768017658e-02
-3.629435857921250314e-02
-3.635540896074482276e-02
-3.641645934227714237e-02
-3.647750972380946199e-02
-3.653856010534178161e-02
-3.659961048687410123e-02
-3.666066086840642085e-02
-3.672171124993874741e-02
-3.678276163147106703e-02
-3.684381201300338665e-02
-3.690486239453570627e-02
-3.697544105978273904e-02
-3.704601972504230345e-02
-3.711659839030186786e-02
-3.718717705556143921e-02
-3.725775572082100362e-02
-3.732833438608056803e-02
-3.739891305134013244e-02
-3.746949171659970379e-02
-3.754007038185926820e-02
-3.761064904711883261e-02
-3.768122771237839702e-02
-3.775180637763796143e-02
-3.783033830901463140e-02
-3.790887024040184849e-02
-3.798740217178906559e-02
-3.806593410317628268e-02
-3.814446603456349283e-02
-3.822299796595070992e-02
-3.830152989733792007e-02
-3.838006182872513716e-02
-3.845859376011235425e-02
-3.853712569149956441e-02
-3.861565762288678150e-02
-3.869418955427399859e-02
-3.877612053119960933e-02
-3.885805150812975811e-02
-3.893998248505991383e-02
-3.902191346199006261e-02
-3.910384443892021139e-02
-3.918577541585036711e-02
-3.926770639278051589e-02
-3.934963736971066467e-02
-3.943156834664082039e-02
-3.951349932357096917e-02
-3.959543030050111795e-02
-3.967736127743127367e-02
-3.976895081907977358e-02
-3.986054036074128393e-02
-3.995212990240280815e-02
-4.004371944406431849e-02
-4.013530898572584271e-02
-4.022689852738735306e-02
-4.031848806904887728e-02
-4.041007761071038762e-02
-4.050166715237191184e-02
-4.059325669403342218e-02
-4.068484623569494640e-02
-4.077643577735645675e-02
-4.087288115816476580e-02
-4.096932653897966681e-02
-4.106577191979457475e-02
-4.116221730060947576e-02
-4.125866268142437676e-02
-4.135510806223928471e-02
-4.145155344305418571e-02
-4.154799882386909365e-02
-4.164444420468399466e-02
-4.174088958549890260e-02
-4.183733496631380361e-02
-4.193378034712870461e-02
-4.203450974531581369e-02
-4.213523914350879307e-02
-4.223596854170176551e-02
-4.233669793989473795e-02
-4.243742733808771733e-02
-4.253815673628069671e-02
-4.263888613447366915e-02
-4.273961553266664853e-02
-4.284034493085962791e-02
-4.294107432905260036e-02
-4.304180372724557280e-02
-4.314253312543854524e-02
-4.325041454030003479e-02
-4.335829595517139146e-02
-4.346617737004276200e-02
-4.357405878491411866e-02
-4.368194019978548920e-02
-4.378982161465684586e-02
-4.389770302952820252e-02
-4.400558444439957306e-02
-4.411346585927092973e-02
-4.422134727414229333e-02
-4.432922868901365693e-02
-4.443711010388501359e-02
-4.455119485349107872e-02
-4.466527960310576889e-02
-4.477936435272045212e-02
-4.489344910233514924e-02
-4.500753385194983941e-02
-4.512161860156453652e-02
-4.523570335117921976e-02
-4.534978810079390993e-02
-4.546387285040860704e-02
-4.557795760002329027e-02
-4.569204234963798739e-02
-4.580612709925267756e-02
-4.592235126939985673e-02
-4.603857543955004045e-02
-4.615479960970021722e-02
-4.627102377985040094e-02
-4.638724795000057077e-02
-4.650347212015075449e-02
-4.661969629030093126e-02
-4.673592046045111498e-02
-4.685214463060129869e-02
-4.696836880075147547e-02
-4.708459297090165918e-02
-4.720081714105183596e-02
-4.732582397158033999e-02
-4.745083080212127158e-02
-4.757583763266218929e-02
-4.770084446320311394e-02
-4.782585129374403166e-02
-4.795085812428495631e-02
-4.807586495482588096e-02
-4.820087178536679867e-02
-4.832587861590773026e-02
-4.845088544644864798e-02
-4.857589227698957263e-02
-4.870089910753049034e-02
-4.882354996086434723e-02
-4.894620081419483876e-02
-4.906885166752533028e-02
-4.919150252085583569e-02
-4.931415337418632722e-02
-4.943680422751683262e-02
-4.955945508084732415e-02
-4.968210593417782261e-02
-4.980475678750832108e-02
-4.992740764083881955e-02
-5.005005849416931107e-02
-5.017270934749980260e-02
-5.029053718965752900e-02
-5.040836503180833039e-02
-5.052619287395912484e-02
-5.064402071610991929e-02
-5.076184855826071374e-02
-5.087967640041150819e-02
-5.099750424256230263e-02
-5.111533208471311096e-02
-5.123315992686390541e-02
-5.135098776901469986e-02
-5.146881561116549431e-02
-5.158664345331628875e-02
-5.170754384960869060e-02
-5.182844424590554028e-02
-5.194934464220238302e-02
-5.207024503849921881e-02
-5.219114543479606849e-02
-5.231204583109291123e-02
-5.243294622738975397e-02
-5.255384662368660365e-02
-5.267474701998343944e-02
-5.279564741628028218e-02
-5.291654781257713186e-02
-5.303744820887397460e-02
-5.316121903883871264e-02
-5.328498986880762095e-02
-5.340876069877654314e-02
-5.353253152874546533e-02
-5.365630235871437365e-02
-5.378007318868329584e-02
-5.390384401865221109e-02
-5.402761484862113328e-02
-5.415138567859004159e-02
-5.427515650855896379e-02
-5.439892733852788598e-02
-5.452269816849679429e-02
-5.464586106611089150e-02
-5.476902396372410747e-02
-5.489218686133730957e-02
-5.501534975895052554e-02
-5.513851265656372763e-02
-5.526167555417693666e-02
-5.538483845179013876e-02
-5.550800134940335473e-02
-5.563116424701655682e-02
-5.575432714462977279e-02
-5.587749004224297489e-02
-5.600065293985618392e-02
-5.612662748110915090e-02
-5.625260202236626733e-02
-5.637857656362338377e-02
-5.650455110488050714e-02
-5.663052564613763745e-02
-5.675650018739475389e-02
-5.688247472865187032e-02
-5.700844926990900063e-02
-5.713442381116611707e-02
-5.726039835242324044e-02
-5.738637289368035688e-02
-5.751234743493748719e-02
-5.764133404852814918e-02
-5.777032066212329370e-02
-5.789930727571844515e-02
-5.802829388931359661e-02
-5.815728050290874807e-02
-5.828626711650388564e-02
-5.841525373009903710e-02
-5.854424034369418856e-02
-5.867322695728934001e-02
-5.880221357088448453e-02
-5.893120018447963598e-02
-5.906018679807478744e-02
-5.919198934434546922e-02
-5.932379189062039065e-02
-5.945559443689529822e-02
-5.958739698317021966e-02
-5.971919952944514109e-02
-5.985100207572004866e-02
-5.998280462199496316e-02
-6.011460716826987766e-02
-6.024640971454479216e-02
-6.037821226081971360e-02
-6.051001480709462116e-02
-6.064181735336954260e-02
-6.077296218233498720e-02
-6.090410701129943954e-02
-6.103525184026388495e-02
-6.116639666922833729e-02
-6.129754149819279657e-02
-6.142868632715724198e-02
-6.155983115612169432e-02
-6.169097598508614666e-02
-6.182212081405059206e-02
-6.195326564301505134e-02
-6.208441047197949675e-02
-6.221555530094394909e-02
-6.234651264101055690e-02
-6.247746998107688715e-02
-6.260842732114320353e-02
-6.273938466120952684e-02
-6.287034200127586403e-02
-6.300129934134218734e-02
-6.313225668140849678e-02
-6.326321402147483397e-02
-6.339417136154115728e-02
-6.352512870160748060e-02
-6.365608604167380391e-02
-6.378704338174012722e-02
-6.391486225905880503e-02
-6.404268113637269499e-02
-6.417050001368655721e-02
-6.429831889100044717e-02
-6.442613776831432326e-02
-6.455395664562819935e-02
-6.468177552294207544e-02
-6.480959440025595153e-02
-6.493741327756982762e-02
-6.506523215488370371e-02
-6.519305103219757980e-02
-6.532086990951145589e-02
-6.545270176596396094e-02
-6.558453362242266937e-02
-6.571636547888137780e-02
-6.584819733534008623e-02
-6.598002919179879466e-02
-6.611186104825748922e-02
-6.624369290471619764e-02
-6.637552476117490607e-02
-6.650735661763361450e-02
-6.663918847409230906e-02
-6.677102033055101749e-02
-6.690285218700972591e-02
-6.702499099326983401e-02
-6.714712979951485694e-02
-6.726926860575987988e-02
-6.739140741200490281e-02
-6.751354621824992575e-02
-6.763568502449494868e-02
-6.775782383073997162e-02
-6.787996263698499455e-02
-6.800210144323003136e-02
-6.812424024947505430e-02
-6.824637905572007723e-02
-6.836851786196510017e-02
-6.848963417183651092e-02
-6.861075048170631185e-02
-6.873186679157612666e-02
-6.885298310144592759e-02
-6.897409941131574240e-02
-6.909521572118554333e-02
-6.921633203105534426e-02
-6.933744834092515907e-02
-6.945856465079497388e-02
-6.957968096066477481e-02
-6.970079727053458962e-02
-6.982191358040439055e-02
-6.994536676423301902e-02
-7.006881994806535285e-02
-7.019227313189767281e-02
-7.031572631572999277e-02
-7.043917949956231273e-02
-7.056263268339463268e-02
-7.068608586722696652e-02
-7.080953905105928647e-02
-7.093299223489160643e-02
-7.105644541872392639e-02
-7.117989860255624635e-02
-7.130335178638856630e-02
-7.142929572390058213e-02
-7.155523966141655312e-02
-7.168118359893252411e-02
-7.180712753644849511e-02
-7.193307147396445222e-02
-7.205901541148042322e-02
-7.218495934899639421e-02
-7.231090328651236521e-02
-7.243684722402833620e-02
-7.256279116154429332e-02
-7.268873509906026431e-02
-7.281467903657623530e-02
-7.294288173741794723e-02
-7.307108443826328126e-02
-7.319928713910861529e-02
-7.332748983995394931e-02
-7.345569254079929722e-02
-7.358389524164463125e-02
-7.371209794248996527e-02
-7.384030064333529930e-02
-7.396850334418063333e-02
-7.409670604502596736e-02
-7.422490874587130139e-02
-7.435311144671663541e-02
-7.448302486285104940e-02
-7.461293827898821118e-02
-7.474285169512538685e-02
-7.487276511126254863e-02
-7.500267852739971042e-02
-7.513259194353687220e-02
-7.526250535967403399e-02
-7.539241877581120965e-02
-7.552233219194837144e-02
-7.565224560808553322e-02
-7.578215902422269501e-02
-7.591207244035985680e-02
-7.604730024416458956e-02
-7.618252804797794042e-02
-7.631775585179127741e-02
-7.645298365560461440e-02
-7.658821145941795139e-02
-7.672343926323130225e-02
-7.685866706704462537e-02
-7.699389487085797623e-02
-7.712912267467131322e-02
-7.726435047848465021e-02
-7.739957828229800108e-02
-7.753480608611133806e-02
-7.767130742685610101e-02
-7.780780876760293174e-02
-7.794431010834977636e-02
-7.808081144909660709e-02
-7.821731278984343783e-02
-7.835381413059028244e-02
-7.849031547133711317e-02
-7.862681681208395779e-02
-7.876331815283080240e-02
-7.889981949357763313e-02
-7.903632083432446387e-02
-7.917282217507130848e-02
-7.930693990801794546e-02
-7.944105764096069666e-02
-7.957517537390343398e-02
-7.970929310684617131e-02
-7.984341083978889475e-02
-7.997752857273163207e-02
-8.011164630567436939e-02
-8.024576403861710672e-02
-8.037988177155984404e-02
-8.051399950450258136e-02
-8.064811723744531868e-02
-8.078223497038805601e-02
-8.092496667803042443e-02
-8.106769838568704534e-02
-8.121043009334366625e-02
-8.135316180100028716e-02
-8.149589350865690807e-02
-8.163862521631351510e-02
-8.178135692397013601e-02
-8.192408863162674304e-02
-8.206682033928336395e-02
-8.220955204693998486e-02
-8.235228375459660577e-02
-8.249501546225322668e-02
-8.263804348506115227e-02
-8.278107150786957746e-02
-8.292409953067800266e-02
-8.306712755348642785e-02
-8.321015557629485304e-02
-8.335318359910326436e-02
-8.349621162191168955e-02
-8.363923964472011474e-02
-8.378226766752853993e-02
-8.392529569033696513e-02
-8.406832371314537644e-02
-8.421135173595380163e-02
-8.436153172155212709e-02
-8.451171170716244296e-02
-8.466189169277274496e-02
-8.481207167838304695e-02
-8.496225166399334894e-02
-8.511243164960366481e-02
-8.526261163521396680e-02
-8.541279162082426879e-02
-8.556297160643457078e-02
-8.571315159204487277e-02
-8.586333157765518864e-02
-8.601351156326550451e-02
-8.616687319230599551e-02
-8.632023482135184334e-02
-8.647359645039771892e-02
-8.662695807944356674e-02
-8.678031970848944232e-02
-8.693368133753530402e-02
-8.708704296658116573e-02
-8.724040459562702743e-02
-8.739376622467287525e-02
-8.754712785371875083e-02
-8.770048948276459866e-02
-8.785385111181047424e-02
-8.800975879860219175e-02
-8.816566648539825302e-02
-8.832157417219430040e-02
-8.847748185899036166e-02
-8.863338954578639517e-02
-8.878929723258244255e-02
-8.894520491937850382e-02
-8.910111260617455120e-02
-8.925702029297061246e-02
-8.941292797976664597e-02
-8.956883566656270723e-02
-8.972474335335875462e-02
-8.988341365147420325e-02
-9.004208394959438422e-02
-9.020075424771456518e-02
-9.035942454583471839e-02
-9.051809484395489935e-02
-9.067676514207508032e-02
-9.083543544019524740e-02
-9.099410573831542837e-02
-9.115277603643560933e-02
-9.131144633455576254e-02
-9.147011663267594350e-02
-9.162878693079612447e-02
-9.179298958059758928e-02
-9.195719223040853263e-02
-9.212139488021948985e-02
-9.228559753003046096e-02
-9.244980017984141818e-02
-9.261400282965238928e-02
-9.277820547946334651e-02
-9.294240812927431761e-02
-9.310661077908527483e-02
-9.327081342889624593e-02
-9.343501607870720316e-02
-9.359921872851814650e-02
-9.375869046135731910e-02
-9.391816219418831768e-02
-9.407763392701928851e-02
-9.423710565985025933e-02
-9.439657739268124403e-02
-9.455604912551221486e-02
-9.471552085834319956e-02
-9.487499259117418426e-02
-9.503446432400515509e-02
-9.519393605683615367e-02
-9.535340778966712449e-02
-9.551287952249809532e-02
-9.567876091949051309e-02
-9.584464231649410249e-02
-9.601052371349769188e-02
-9.617640511050126739e-02
-9.634228650750485679e-02
-9.650816790450844618e-02
-9.667404930151203557e-02
-9.683993069851559721e-02
-9.700581209551918660e-02
-9.717169349252277599e-02
-9.733757488952636538e-02
-9.750345628652994090e-02
-9.766789307157179578e-02
-9.783232985661112491e-02
-9.799676664165044015e-02
-9.816120342668976928e-02
-9.832564021172909841e-02
-9.849007699676841365e-02
-9.865451378180774278e-02
-9.881895056684705803e-02
-9.898338735188637327e-02
-9.914782413692570240e-02
-9.931226092196503152e-02
-9.947669770700434677e-02
-9.965044823285980347e-02
-9.982419875873167758e-02
-9.999794928460353782e-02
-1.001716998104754119e-01
-1.003454503363472583e-01
-1.005192008622191185e-01
-1.006929513880909927e-01
-1.008667019139628529e-01
-1.010404524398347270e-01
-1.012142029657065873e-01
-1.013879534915784614e-01
-1.015617040174503216e-01
-1.017422287624588362e-01
-1.019227535074793412e-01
-1.021032782524998739e-01
-1.022838029975203789e-01
-1.024643277425409116e-01
-1.026448524875614166e-01
-1.028253772325819215e-01
-1.030059019776024543e-01
-1.031864267226229592e-01
-1.033669514676434920e-01
-1.035474762126639969e-01
-1.037280009576845297e-01
-1.039122470764559797e-01
-1.040964931952340911e-01
-1.042807393140122024e-01
-1.044649854327902999e-01
-1.046492315515684113e-01
-1.048334776703465226e-01
-1.050177237891246063e-01
-1.052019699079027176e-01
-1.053862160266808290e-01
-1.055704621454589404e-01
-1.057547082642370379e-01
-1.059389543830151492e-01
-1.061287140467813694e-01
-1.063184737105574845e-01
-1.065082333743335857e-01
-1.066979930381097147e-01
-1.068877527018858298e-01
-1.070775123656619310e-01
-1.072672720294380599e-01
-1.074570316932141750e-01
-1.076467913569902762e-01
-1.078365510207664052e-01
-1.080263106845425203e-01
-1.082160703483186215e-01
-1.084184695000037363e-01
-1.086208686517116939e-01
-1.088232678034196238e-01
-1.090256669551275814e-01
-1.092280661068355113e-01
-1.094304652585434551e-01
-1.096328644102513850e-01
-1.098352635619593426e-01
-1.100376627136672725e-01
-1.102400618653752301e-01
-1.104424610170831600e-01
-1.106448601687911037e-01
-1.108472593204988671e-01
-1.110496584722066443e-01
-1.112520576239144077e-01
-1.114544567756221710e-01
-1.116568559273299482e-01
-1.118592550790377116e-01
-1.120616542307454749e-01
-1.122640533824532522e-01
-1.124664525341610155e-01
-1.126688516858687789e-01
-1.128712508375765561e-01
-1.130736499892843194e-01
-1.132760491409920828e-01
-1.134784482926998461e-01
-1.136808474444076233e-01
-1.138832465961153867e-01
-1.140856457478231500e-01
