-2.699487952757797984e-03
-2.688947906371220824e-03
-2.678407859984644097e-03
-2.667867813598066070e-03
-2.657327767211488910e-03
-2.646787720824911750e-03
-2.636247674438334156e-03
-2.627953595153378983e-03
-2.619659515868435519e-03
-2.611365436583492055e-03
-2.603071357298548591e-03
-2.594777278013605561e-03
-2.586483198728662097e-03
-2.578189119443718633e-03
-2.569895040158775169e-03
-2.561600960873832138e-03
-2.553306881588888674e-03
-2.545012802303945210e-03
-2.536718723019001746e-03
-2.523456395439012141e-03
-2.510194067858941003e-03
-2.496931740278869865e-03
-2.483669412698798727e-03
-2.470407085118727589e-03
-2.457144757538656452e-03
-2.443882429958585747e-03
-2.430620102378514610e-03
-2.417357774798443038e-03
-2.404095447218371900e-03
-2.390833119638300763e-03
-2.377570792058230058e-03
-2.367138105819289497e-03
-2.356705419580426130e-03
-2.346272733341562763e-03
-2.335840047102699830e-03
-2.325407360863836030e-03
-2.314974674624973097e-03
-2.304541988386109731e-03
-2.294109302147246364e-03
-2.283676615908383431e-03
-2.273243929669519631e-03
-2.262811243430656698e-03
-2.252378557191793331e-03
-2.250891501349257771e-03
-2.249404445507064386e-03
-2.247917389664871000e-03
-2.246430333822677181e-03
-2.244943277980483796e-03
-2.243456222138289977e-03
-2.241969166296096591e-03
-2.240482110453903206e-03
-2.238995054611709386e-03
-2.237507998769516001e-03
-2.236020942927322182e-03
-2.234533887085128796e-03
-2.233334039968748377e-03
-2.232134192852381835e-03
-2.230934345736015727e-03
-2.229734498619649619e-03
-2.228534651503283077e-03
-2.227334804386916969e-03
-2.226134957270550427e-03
-2.224935110154183885e-03
-2.223735263037817777e-03
-2.222535415921451669e-03
-2.221335568805085127e-03
-2.220135721688719019e-03
-2.219161065661548124e-03
-2.218186409634390240e-03
-2.217211753607232789e-03
-2.216237097580075338e-03
-2.215262441552917887e-03
-2.214287785525760003e-03
-2.213313129498602986e-03
-2.212338473471445102e-03
-2.211363817444287651e-03
-2.210389161417130200e-03
-2.209414505389972749e-03
-2.208439849362815299e-03
-2.207641789028770042e-03
-2.206843728694737362e-03
-2.206045668360704249e-03
-2.205247608026671569e-03
-2.204449547692638890e-03
-2.203651487358606210e-03
-2.202853427024573530e-03
-2.202055366690540850e-03
-2.201257306356508171e-03
-2.200459246022475057e-03
-2.199661185688442811e-03
-2.198863125354410131e-03
-2.190735219757975784e-03
-2.182607314160942089e-03
-2.174479408563908395e-03
-2.166351502966874266e-03
-2.158223597369841006e-03
-2.150095691772806877e-03
-2.141967786175773183e-03
-2.133839880578739488e-03
-2.125711974981705360e-03
-2.117584069384671665e-03
-2.109456163787637971e-03
-2.101328258190603843e-03
-2.101647250189695240e-03
-2.101966242189570299e-03
-2.102285234189445358e-03
-2.102604226189320417e-03
-2.102923218189195476e-03
-2.103242210189070534e-03
-2.103561202188945593e-03
-2.103880194188820652e-03
-2.104199186188695711e-03
-2.104518178188570770e-03
-2.104837170188445395e-03
-2.105156162188320888e-03
-2.112099828099556469e-03
-2.119043494011479435e-03
-2.125987159923401967e-03
-2.132930825835324500e-03
-2.139874491747247032e-03
-2.146818157659169998e-03
-2.153761823571092530e-03
-2.160705489483015496e-03
-2.167649155394938028e-03
-2.174592821306860560e-03
-2.181536487218783092e-03
-2.188480153130705624e-03
-2.193892384205585553e-03
-2.199304615280289841e-03
-2.204716846354994129e-03
-2.210129077429698417e-03
-2.215541308504402705e-03
-2.220953539579106992e-03
-2.226365770653811280e-03
-2.231778001728515568e-03
-2.237190232803219856e-03
-2.242602463877924144e-03
-2.248014694952628432e-03
-2.253426926027332720e-03
-2.257639299094735177e-03
-2.261851672161986713e-03
-2.266064045229238249e-03
-2.270276418296490219e-03
-2.274488791363741755e-03
-2.278701164430993725e-03
-2.282913537498245261e-03
-2.287125910565497230e-03
-2.291338283632748767e-03
-2.295550656700000303e-03
-2.299763029767252272e-03
-2.303975402834503809e-03
-2.307247729088421698e-03
-2.310520055342211217e-03
-2.313792381596000737e-03
-2.317064707849790257e-03
-2.320337034103579776e-03
-2.323609360357369730e-03
-2.326881686611159249e-03
-2.330154012864948335e-03
-2.333426339118738289e-03
-2.336698665372527808e-03
-2.339970991626317328e-03
-2.343243317880106848e-03
-2.339050920815548881e-03
-2.334858523749890665e-03
-2.330666126684232450e-03
-2.326473729618574234e-03
-2.322281332552916019e-03
-2.318088935487258237e-03
-2.313896538421600022e-03
-2.309704141355941806e-03
-2.305511744290284024e-03
-2.301319347224625809e-03
-2.297126950158967593e-03
-2.292934553093309812e-03
-2.289615620369069970e-03
-2.286296687644968472e-03
-2.282977754920866541e-03
-2.279658822196765043e-03
-2.276339889472663545e-03
-2.273020956748562048e-03
-2.269702024024460116e-03
-2.266383091300358619e-03
-2.263064158576257121e-03
-2.259745225852155624e-03
-2.256426293128054126e-03
-2.253107360403952195e-03
-2.249732876571654185e-03
-2.246358392739346201e-03
-2.242983908907039085e-03
-2.239609425074731101e-03
-2.236234941242423550e-03
-2.232860457410116000e-03
-2.229485973577808450e-03
-2.226111489745500466e-03
-2.222737005913192915e-03
-2.219362522080885365e-03
-2.215988038248577815e-03
-2.212613554416270265e-03
-2.203206896955040711e-03
-2.193800239492724787e-03
-2.184393582030409297e-03
-2.174986924568092939e-03
-2.165580267105777449e-03
-2.156173609643461525e-03
-2.146766952181145601e-03
-2.137360294718829677e-03
-2.127953637256514187e-03
-2.118546979794198263e-03
-2.109140322331882339e-03
-2.099733664869566849e-03
-2.092322991519526831e-03
-2.084912318169868019e-03
-2.077501644820209641e-03
-2.070090971470551263e-03
-2.062680298120892451e-03
-2.055269624771233639e-03
-2.047858951421575261e-03
-2.040448278071916449e-03
-2.033037604722257637e-03
-2.025626931372599259e-03
-2.018216258022940881e-03
-2.010805584673282069e-03
-1.998230804867590690e-03
-1.985656025060856741e-03
-1.973081245254122793e-03
-1.960506465447388845e-03
-1.947931685640654680e-03
-1.935356905833920515e-03
-1.922782126027186567e-03
-1.910207346220452835e-03
-1.897632566413718887e-03
-1.885057786606984722e-03
-1.872483006800250774e-03
-1.859908226993516609e-03
-1.843281385827454403e-03
-1.826654544660529607e-03
-1.810027703493605027e-03
-1.793400862326680447e-03
-1.776774021159755867e-03
-1.760147179992830853e-03
-1.743520338825906273e-03
-1.726893497658981693e-03
-1.710266656492057114e-03
-1.693639815325132534e-03
-1.677012974158207520e-03
-1.660386132991282940e-03
-1.647306867383500819e-03
-1.634227601776512551e-03
-1.621148336169524065e-03
-1.608069070562535797e-03
-1.594989804955547312e-03
-1.581910539348559261e-03
-1.568831273741570775e-03
-1.555752008134582507e-03
-1.542672742527594022e-03
-1.529593476920605754e-03
-1.516514211313617268e-03
-1.503434945706629000e-03
-1.493135646100300249e-03
-1.482836346494624188e-03
-1.472537046888947911e-03
-1.462237747283271633e-03
-1.451938447677595355e-03
-1.441639148071919077e-03
-1.431339848466243016e-03
-1.421040548860566738e-03
-1.410741249254890460e-03
-1.400441949649214183e-03
-1.390142650043538122e-03
-1.379843350437861844e-03
-1.357525927195676625e-03
-1.335208503950539990e-03
-1.312891080705403573e-03
-1.290573657460266938e-03
-1.268256234215130521e-03
-1.245938810969993886e-03
-1.223621387724857469e-03
-1.201303964479721051e-03
-1.178986541234584417e-03
-1.156669117989447999e-03
-1.134351694744311582e-03
-1.112034271499174947e-03
-1.094484428766283064e-03
-1.076934586034613726e-03
-1.059384743302944389e-03
-1.041834900571274834e-03
-1.024285057839605714e-03
-1.006735215107936376e-03
-9.891853723762670386e-04
-9.716355296445978095e-04
-9.540856869129284721e-04
-9.365358441812591346e-04
-9.189860014495897971e-04
-9.014361587179204596e-04
-8.808940279214601873e-04
-8.603518971241996653e-04
-8.398097663269392518e-04
-8.192676355296789467e-04
-7.987255047324184247e-04
-7.781833739351579028e-04
-7.576412431378974893e-04
-7.370991123406370757e-04
-7.165569815433766622e-04
-6.960148507461161402e-04
-6.754727199488557267e-04
-6.549305891515953132e-04
-6.320382504879747858e-04
-6.091459118237001593e-04
-5.862535731594255327e-04
-5.633612344951509062e-04
-5.404688958308762796e-04
-5.175765571666017615e-04
-4.946842185023271350e-04
-4.717918798380525626e-04
-4.488995411737779361e-04
-4.260072025095032553e-04
-4.031148638452286288e-04
-3.802225251809541106e-04
-3.689396222881316544e-04
-3.576567193986668640e-04
-3.463738165092021277e-04
-3.350909136197372830e-04
-3.238080107302725467e-04
-3.125251078408077562e-04
-3.012422049513429657e-04
-2.899593020618781753e-04
-2.786763991724134390e-04
-2.673934962829486485e-04
-2.561105933934838580e-04
-2.448276905040190675e-04
-2.284510332083951659e-04
-2.120743759112424850e-04
-1.956977186140897499e-04
-1.793210613169370418e-04
-1.629444040197843338e-04
-1.465677467226316258e-04
-1.301910894254789178e-04
-1.138144321283262098e-04
-9.743777483117350177e-05
-8.106111753402078020e-05
-6.468446023686805864e-05
-4.830780293971536417e-05
-3.540204762074240953e-05
-2.249629230284906615e-05
-9.590536984955732924e-06
3.315218332937612580e-06
1.622097365083094707e-05
2.912672896872428368e-05
4.203248428661763046e-05
5.493823960451096368e-05
6.784399492240430368e-05
8.074975024029763012e-05
9.365550555819098367e-05
1.065612608760843237e-04
1.167470348077758824e-04
1.269328087385917039e-04
1.371185826694074983e-04
1.473043566002233198e-04
1.574901305310391685e-04
1.676759044618549629e-04
1.778616783926707844e-04
1.880474523234866330e-04
1.982332262543024545e-04
2.084190001851183032e-04
2.186047741159340976e-04
2.287905480467498920e-04
2.368447362740443889e-04
2.448989245006293297e-04
2.529531127272142705e-04
2.610073009537992113e-04
2.690614891803841521e-04
2.771156774069690387e-04
2.851698656335539795e-04
2.932240538601389745e-04
3.012782420867239153e-04
3.093324303133088019e-04
3.173866185398937427e-04
3.254408067664786835e-04
3.385527110121892770e-04
3.516646152596385514e-04
3.647765195070878800e-04
3.778884237545372627e-04
3.910003280019865913e-04
4.041122322494359741e-04
4.172241364968852484e-04
4.303360407443345770e-04
4.434479449917839598e-04
4.565598492392332342e-04
4.696717534866825627e-04
4.827836577341319455e-04
4.864076128406955154e-04
4.900315679438936676e-04
4.936555230470917113e-04
4.972794781502898635e-04
5.009034332534880157e-04
5.045273883566861678e-04
5.081513434598844284e-04
5.117752985630825806e-04
5.153992536662807327e-04
5.190232087694788849e-04
5.226471638726769287e-04
5.262711189758750808e-04
5.433793845084657331e-04
5.604876500459864694e-04
5.775959155835072058e-04
5.947041811210278337e-04
6.118124466585485701e-04
6.289207121960693064e-04
6.460289777335899344e-04
6.631372432711106707e-04
6.802455088086314071e-04
6.973537743461521434e-04
7.144620398836728798e-04
7.315703054211936162e-04
7.450597523846213578e-04
7.585491993466865826e-04
7.720386463087518074e-04
7.855280932708169237e-04
7.990175402328821485e-04
8.125069871949473733e-04
8.259964341570125981e-04
8.394858811190777145e-04
8.529753280811429392e-04
8.664647750432081640e-04
8.799542220052732804e-04
8.934436689673385052e-04
9.108254435900239605e-04
9.282072182142176494e-04
9.455889928384112299e-04
9.629707674626048104e-04
9.803525420867984994e-04
9.977343167109921883e-04
1.015116091335185660e-03
1.032497865959379349e-03
1.049879640583572821e-03
1.067261415207766293e-03
1.084643189831959982e-03
1.102024964456153671e-03
1.135918606473223938e-03
1.169812248496871843e-03
1.203705890520519965e-03
1.237599532544167869e-03
1.271493174567815774e-03
1.305386816591463895e-03
1.339280458615111800e-03
1.373174100638759705e-03
1.407067742662407826e-03
1.440961384686055731e-03
1.474855026709703419e-03
1.508748668733351540e-03
1.542140992766818843e-03
1.575533316800081015e-03
1.608925640833343187e-03
1.642317964866605359e-03
1.675710288899867314e-03
1.709102612933129702e-03
1.742494936966391657e-03
1.775887260999654046e-03
1.809279585032916001e-03
1.842671909066178389e-03
1.876064233099440344e-03
1.909456557132702299e-03
1.936473295333165229e-03
1.963490033530949311e-03
1.990506771728732961e-03
2.017523509926517043e-03
2.044540248124301126e-03
2.071556986322085209e-03
2.098573724519869291e-03
2.125590462717652940e-03
2.152607200915437023e-03
2.179623939113220672e-03
2.206640677311004755e-03
2.233657415508788838e-03
2.261666794511891457e-03
2.289676173515421687e-03
2.317685552518952349e-03
2.345694931522483012e-03
2.373704310526013675e-03
2.401713689529544338e-03
2.429723068533074567e-03
2.457732447536605230e-03
2.485741826540135892e-03
2.513751205543666555e-03
2.541760584547197218e-03
2.569769963550727447e-03
2.591834237972472348e-03
2.613898512391589577e-03
2.635962786810705939e-03
2.658027061229823601e-03
2.680091335648940396e-03
2.702155610068057625e-03
2.724219884487174420e-03
2.746284158906291215e-03
2.768348433325408444e-03
2.790412707744525673e-03
2.812476982163642902e-03
2.834541256582759697e-03
2.858674926284613099e-03
2.882808595987402817e-03
2.906942265690193403e-03
2.931075935392983989e-03
2.955209605095774142e-03
2.979343274798564294e-03
3.003476944501354447e-03
3.027610614204145033e-03
3.051744283906935619e-03
3.075877953609725338e-03
3.100011623312515924e-03
3.124145293015306510e-03
3.149905798681829593e-03
3.175666304349107280e-03
3.201426810016384534e-03
3.227187315683662655e-03
3.252947821350940343e-03
3.278708327018217596e-03
3.304468832685495284e-03
3.330229338352772971e-03
3.355989844020051092e-03
3.381750349687328346e-03
3.407510855354606034e-03
3.433271361021883288e-03
3.453583652080631332e-03
3.473895943136792470e-03
3.494208234192953608e-03
3.514520525249114746e-03
3.534832816305275884e-03
3.555145107361436588e-03
3.575457398417597726e-03
3.595769689473759731e-03
3.616081980529920869e-03
3.636394271586081573e-03
3.656706562642242711e-03
3.677018853698403849e-03
3.693061588052633151e-03
3.709104322404789024e-03
3.725147056756944897e-03
3.741189791109099903e-03
3.757232525461255777e-03
3.773275259813411650e-03
3.789317994165567090e-03
3.805360728517722963e-03
3.821403462869878837e-03
3.837446197222033843e-03
3.853488931574189716e-03
3.869531665926345589e-03
3.888956654513508766e-03
3.908381643102350721e-03
3.927806631691193109e-03
3.947231620280035498e-03
3.966656608868877887e-03
3.986081597457719408e-03
4.005506586046561797e-03
4.024931574635404186e-03
4.044356563224246574e-03
4.063781551813088963e-03
4.083206540401930484e-03
4.102631528990773740e-03
4.117983767924736360e-03
4.133336006856631190e-03
4.148688245788527754e-03
4.164040484720423450e-03
4.179392723652319147e-03
4.194744962584214844e-03
4.210097201516110541e-03
4.225449440448006237e-03
4.240801679379901934e-03
4.256153918311798498e-03
4.271506157243694195e-03
4.286858396175589891e-03
4.312475335111884932e-03
4.338092274053502104e-03
4.363709212995119276e-03
4.389326151936735580e-03
4.414943090878352752e-03
4.440560029819969924e-03
4.466176968761587096e-03
4.491793907703203401e-03
4.517410846644820573e-03
4.543027785586437745e-03
4.568644724528054916e-03
4.594261663469671221e-03
4.621944597415490567e-03
4.649627531362403657e-03
4.677310465309316746e-03
4.704993399256229836e-03
4.732676333203142925e-03
4.760359267150056882e-03
4.788042201096969971e-03
4.815725135043883061e-03
4.843408068990796150e-03
4.871091002937709240e-03
4.898773936884622329e-03
4.926456870831534551e-03
4.941567892927354461e-03
4.956678915016382060e-03
4.971789937105410527e-03
4.986900959194438127e-03
5.002011981283465726e-03
5.017123003372494193e-03
5.032234025461521792e-03
5.047345047550549392e-03
5.062456069639577859e-03
5.077567091728605458e-03
5.092678113817633058e-03
5.107789135906660657e-03
5.119771077407808853e-03
5.131753018907230998e-03
5.143734960406654011e-03
5.155716901906076156e-03
5.167698843405499169e-03
5.179680784904921315e-03
5.191662726404344327e-03
5.203644667903767340e-03
5.215626609403189486e-03
5.227608550902611631e-03
5.239590492402034644e-03
5.251572433901457657e-03
5.261101949501029683e-03
5.270631465099223471e-03
5.280160980697417260e-03
5.289690496295611916e-03
5.299220011893805704e-03
5.308749527492000360e-03
5.318279043090193281e-03
5.327808558688387069e-03
5.337338074286581725e-03
5.346867589884775514e-03
5.356397105482970170e-03
5.365926621081163958e-03
5.387730533019323420e-03
5.409534444964516318e-03
5.431338356909709217e-03
5.453142268854902115e-03
5.474946180800095014e-03
5.496750092745287912e-03
5.518554004690481678e-03
5.540357916635673709e-03
5.562161828580865740e-03
5.583965740526059505e-03
5.605769652471252404e-03
5.627573564416445302e-03
5.658266837007632812e-03
5.688960109604011481e-03
5.719653382200390150e-03
5.750346654796768819e-03
5.781039927393147489e-03
5.811733199989524423e-03
5.842426472585903093e-03
5.873119745182281762e-03
5.903813017778659564e-03
5.934506290375038233e-03
5.965199562971416902e-03
5.995892835567795572e-03
6.013377731361483833e-03
6.030862627147317266e-03
6.048347522933151567e-03
6.065832418718985000e-03
6.083317314504818434e-03
6.100802210290651867e-03
6.118287106076485300e-03
6.135772001862318734e-03
6.153256897648152167e-03
6.170741793433983866e-03
6.188226689219817299e-03
6.205711585005650732e-03
6.233765243632708244e-03
6.261818902266167754e-03
6.289872560899627263e-03
6.317926219533086772e-03
6.345979878166545414e-03
6.374033536800004923e-03
6.402087195433463565e-03
6.430140854066923942e-03
6.458194512700382584e-03
6.486248171333842093e-03
6.514301829967300735e-03
6.542355488600760244e-03
6.571233712393832402e-03
6.600111936187412834e-03
6.628990159980993266e-03
6.657868383774573698e-03
6.686746607568154130e-03
6.715624831361734562e-03
6.744503055155314994e-03
6.773381278948895426e-03
6.802259502742476725e-03
6.831137726536057157e-03
6.860015950329637589e-03
6.888894174123218021e-03
6.911695360011817051e-03
6.934496545896602290e-03
6.957297731781388397e-03
6.980098917666173637e-03
7.002900103550959744e-03
7.025701289435744117e-03
7.048502475320529356e-03
7.071303661205315463e-03
7.094104847090100703e-03
7.116906032974885075e-03
7.139707218859671183e-03
7.162508404744456422e-03
7.201471990861209142e-03
7.240435576988282600e-03
7.279399163115355190e-03
7.318362749242427780e-03
7.357326335369501237e-03
7.396289921496573827e-03
7.435253507623646417e-03
7.474217093750718140e-03
7.513180679877790730e-03
7.552144266004864187e-03
7.591107852131936777e-03
7.630071438259009367e-03
7.647335296264120771e-03
7.664599154255141017e-03
7.681863012246160395e-03
7.699126870237179773e-03
7.716390728228199151e-03
7.733654586219219397e-03
7.750918444210239643e-03
7.768182302201259888e-03
7.785446160192279266e-03
7.802710018183299512e-03
7.819973876174319757e-03
7.837237734165340003e-03
7.857670797641559332e-03
7.878103861119872472e-03
7.898536924598187348e-03
7.918969988076500488e-03
7.939403051554813628e-03
7.959836115033126769e-03
7.980269178511441644e-03
8.000702241989754784e-03
8.021135305468067925e-03
8.041568368946381065e-03
8.062001432424694206e-03
8.082434495903007346e-03
8.112824275875714017e-03
8.143214055855104577e-03
8.173603835834495138e-03
8.203993615813883963e-03
8.234383395793274524e-03
8.264773175772665084e-03
8.295162955752053910e-03
8.325552735731444470e-03
8.355942515710835031e-03
8.386332295690223856e-03
8.416722075669614417e-03
8.447111855649004977e-03
8.471118259795898039e-03
8.495124663938436946e-03
8.519131068080974117e-03
8.543137472223513024e-03
8.567143876366053665e-03
8.591150280508590836e-03
8.615156684651129743e-03
8.639163088793668649e-03
8.663169492936207555e-03
8.687175897078746462e-03
8.711182301221285368e-03
8.735188705363824274e-03
8.768389132699805702e-03
8.801589560042160504e-03
8.834789987384513571e-03
8.867990414726868373e-03
8.901190842069221440e-03
8.934391269411574507e-03
8.967591696753927574e-03
9.000792124096282376e-03
9.033992551438635443e-03
9.067192978780990245e-03
9.100393406123343312e-03
9.133593833465698114e-03
9.173269730649536921e-03
9.212945627837934581e-03
9.252621525026332241e-03
9.292297422214729902e-03
9.331973319403129297e-03
9.371649216591526957e-03
9.411325113779924617e-03
9.451001010968322277e-03
9.490676908156719938e-03
9.530352805345117598e-03
9.570028702533515258e-03
9.609704599721914653e-03
9.655205334037913686e-03
9.700706068358077791e-03
9.746206802678241896e-03
9.791707536998407735e-03
9.837208271318571839e-03
9.882709005638735944e-03
9.928209739958900049e-03
9.973710474279064153e-03
1.001921120859922826e-02
1.006471194291939236e-02
1.011021267723955647e-02
1.015571341155972231e-02
1.019159304018609109e-02
1.022747266880548109e-02
1.026335229742486935e-02
1.029923192604425761e-02
1.033511155466364587e-02
1.037099118328303413e-02
1.040687081190242239e-02
1.044275044052181065e-02
1.047863006914120064e-02
1.051450969776058716e-02
1.055038932637997716e-02
1.058626895499936542e-02
1.062133713821263210e-02
1.065640532142530378e-02
1.069147350463797372e-02
1.072654168785064539e-02
1.076160987106331360e-02
1.079667805427598527e-02
1.083174623748865521e-02
1.086681442070132689e-02
1.090188260391399509e-02
1.093695078712666677e-02
1.097201897033933671e-02
1.100708715355200838e-02
1.104899275583947835e-02
1.109089835813205707e-02
1.113280396042463927e-02
1.117470956271721973e-02
1.121661516500979845e-02
1.125852076730238065e-02
1.130042636959496284e-02
1.134233197188754157e-02
1.138423757418012203e-02
1.142614317647270422e-02
1.146804877876528295e-02
1.150995438105786514e-02
1.154976049130492129e-02
1.158956660155038322e-02
1.162937271179584689e-02
1.166917882204130882e-02
1.170898493228677076e-02
1.174879104253223443e-02
1.178859715277769636e-02
1.182840326302315830e-02
1.186820937326862196e-02
1.190801548351408390e-02
1.194782159375954583e-02
1.198762770400500777e-02
1.202653364392637994e-02
1.206543958384705649e-02
1.210434552376773651e-02
1.214325146368841653e-02
1.218215740360909308e-02
1.222106334352977310e-02
1.225996928345045311e-02
1.229887522337113140e-02
1.233778116329180968e-02
1.237668710321248970e-02
1.241559304313316799e-02
1.245449898305384627e-02
1.248523664733926924e-02
1.251597431161831885e-02
1.254671197589736845e-02
1.257744964017641631e-02
1.260818730445546591e-02
1.263892496873451551e-02
1.266966263301356511e-02
1.270040029729261298e-02
1.273113796157166258e-02
1.276187562585071218e-02
1.279261329012976178e-02
1.282335095440880965e-02
1.284768719761418196e-02
1.287202344081448541e-02
1.289635968401479232e-02
1.292069592721509751e-02
1.294503217041540269e-02
1.296936841361570787e-02
1.299370465681601479e-02
1.301804090001631824e-02
1.304237714321662515e-02
1.306671338641692860e-02
1.309104962961723552e-02
1.311538587281754070e-02
1.314143339782805273e-02
1.316748092283993518e-02
1.319352844785181764e-02
1.321957597286370009e-02
1.324562349787558428e-02
1.327167102288746500e-02
1.329771854789934919e-02
1.332376607291123338e-02
1.334981359792311410e-02
1.337586112293499829e-02
1.340190864794688075e-02
1.342795617295876320e-02
1.344936122445855239e-02
1.347076627595456509e-02
1.349217132745057952e-02
1.351357637894659222e-02
1.353498143044260665e-02
1.355638648193862109e-02
1.357779153343463205e-02
1.359919658493064648e-02
1.362060163642666091e-02
1.364200668792267361e-02
1.366341173941868804e-02
1.368481679091470248e-02
1.370184363415677745e-02
1.371887047739524593e-02
1.373589732063371441e-02
1.375292416387218289e-02
1.376995100711065137e-02
1.378697785034912159e-02
1.380400469358759007e-02
1.382103153682605855e-02
1.383805838006453050e-02
1.385508522330299898e-02
1.387211206654146746e-02
1.388913890977993594e-02
1.390946233793233233e-02
1.392978576608748520e-02
1.395010919424263460e-02
1.397043262239778746e-02
1.399075605055293686e-02
1.401107947870808973e-02
1.403140290686323913e-02
1.405172633501838853e-02
1.407204976317354139e-02
1.409237319132869079e-02
1.411269661948384192e-02
1.413302004763899306e-02
1.415593132182464860e-02
1.417884259601249336e-02
1.420175387020033812e-02
1.422466514438818462e-02
1.424757641857602938e-02
1.427048769276387415e-02
1.429339896695171891e-02
1.431631024113956541e-02
1.433922151532741017e-02
1.436213278951525493e-02
1.438504406370309970e-02
1.440795533789094619e-02
1.444036745864590854e-02
1.447277957940901541e-02
1.450519170017211708e-02
1.453760382093522395e-02
1.457001594169832735e-02
1.460242806246142902e-02
1.463484018322453589e-02
1.466725230398763929e-02
1.469966442475074270e-02
1.473207654551384783e-02
1.476448866627695124e-02
1.479690078704005637e-02
1.481584373782019425e-02
1.483478668858864702e-02
1.485372963935709979e-02
1.487267259012555257e-02
1.489161554089400534e-02
1.491055849166245811e-02
1.492950144243091089e-02
1.494844439319936019e-02
1.496738734396781297e-02
1.498633029473626574e-02
1.500527324550471851e-02
1.502421619627317129e-02
1.505352309729589451e-02
1.508282999832772156e-02
1.511213689935955035e-02
1.514144380039137740e-02
1.517075070142320792e-02
1.520005760245503497e-02
1.522936450348686375e-02
1.525867140451869081e-02
1.528797830555051786e-02
1.531728520658234664e-02
1.534659210761417369e-02
1.537589900864600422e-02
1.540586952857919689e-02
1.543584004851297937e-02
1.546581056844676359e-02
1.549578108838054608e-02
1.552575160831433029e-02
1.555572212824811278e-02
1.558569264818189699e-02
1.561566316811567774e-02
1.564563368804946369e-02
1.567560420798324444e-02
1.570557472791702866e-02
1.573554524785081288e-02
1.576604041235340342e-02
1.579653557685646928e-02
1.582703074135953167e-02
1.585752590586259406e-02
1.588802107036565991e-02
1.591851623486872230e-02
1.594901139937178469e-02
1.597950656387485055e-02
1.601000172837791641e-02
1.604049689288097880e-02
1.607099205738404119e-02
1.610148722188710704e-02
1.613986647896265003e-02
1.617824573604537824e-02
1.621662499312810646e-02
1.625500425021083120e-02
1.629338350729355941e-02
1.633176276437628763e-02
1.637014202145901584e-02
1.640852127854174405e-02
1.644690053562447227e-02
1.648527979270720048e-02
1.652365904978992869e-02
1.656203830687265344e-02
1.659913797005174024e-02
1.663623763322964050e-02
1.667333729640754422e-02
1.671043695958544795e-02
1.674753662276335167e-02
1.678463628594125540e-02
1.682173594911915565e-02
1.685883561229705938e-02
1.689593527547496310e-02
1.693303493865286682e-02
1.697013460183077055e-02
1.700723426500867080e-02
1.702987934651025229e-02
1.705252442799834109e-02
1.707516950948643336e-02
1.709781459097452563e-02
1.712045967246261791e-02
1.714310475395071018e-02
1.716574983543880245e-02
1.718839491692689125e-02
1.721103999841498353e-02
1.723368507990307580e-02
1.725633016139116807e-02
1.727897524287925687e-02
1.730448376502218694e-02
1.732999228716781623e-02
1.735550080931344552e-02
1.738100933145907828e-02
1.740651785360470757e-02
1.743202637575034034e-02
1.745753489789596963e-02
1.748304342004160239e-02
1.750855194218723168e-02
1.753406046433286444e-02
1.755956898647849374e-02
1.758507750862412650e-02
1.761882308889224300e-02
1.765256866916822820e-02
1.768631424944420993e-02
1.772005982972019167e-02
1.775380540999617687e-02
1.778755099027216208e-02
1.782129657054814381e-02
1.785504215082412902e-02
1.788878773110011422e-02
1.792253331137609942e-02
1.795627889165208116e-02
1.799002447192806289e-02
1.801677818505586365e-02
1.804353189817690592e-02
1.807028561129794819e-02
1.809703932441899393e-02
1.812379303754003620e-02
1.815054675066107848e-02
1.817730046378212075e-02
1.820405417690316649e-02
1.823080789002420876e-02
1.825756160314525103e-02
1.828431531626629677e-02
1.831106902938733905e-02
1.834653948180309940e-02
1.838200993422737725e-02
1.841748038665165163e-02
1.845295083907592601e-02
1.848842129150020386e-02
1.852389174392447824e-02
1.855936219634875262e-02
1.859483264877302700e-02
1.863030310119730484e-02
1.866577355362157922e-02
1.870124400604585360e-02
1.873671445847013145e-02
1.875810114414990307e-02
1.877948782981576220e-02
1.880087451548162480e-02
1.882226120114748741e-02
1.884364788681335001e-02
1.886503457247920915e-02
1.888642125814507175e-02
1.890780794381093088e-02
1.892919462947679349e-02
1.895058131514265262e-02
1.897196800080851523e-02
1.899335468647437783e-02
1.902388344078408816e-02
1.905441219510293008e-02
1.908494094942177199e-02
1.911546970374061391e-02
1.914599845805945583e-02
1.917652721237829774e-02
1.920705596669713966e-02
1.923758472101597811e-02
1.926811347533482002e-02
1.929864222965366194e-02
1.932917098397250386e-02
1.935969973829134577e-02
1.938468581336492622e-02
1.940967188843291391e-02
1.943465796350089814e-02
1.945964403856888236e-02
1.948463011363687006e-02
1.950961618870485428e-02
1.953460226377283851e-02
1.955958833884082620e-02
1.958457441390881390e-02
1.960956048897679813e-02
1.963454656404478235e-02
1.965953263911277005e-02
1.967943484605917670e-02
1.969933705300039653e-02
1.971923925994161983e-02
1.973914146688283966e-02
1.975904367382406296e-02
1.977894588076528279e-02
1.979884808770650262e-02
1.981875029464772592e-02
1.983865250158894575e-02
1.985855470853016558e-02
1.987845691547138541e-02
1.989835912241260871e-02
1.991427644004393344e-02
1.993019375767114687e-02
1.994611107529836030e-02
1.996202839292557721e-02
1.997794571055279064e-02
1.999386302818000755e-02
2.000978034580722098e-02
2.002569766343443441e-02
2.004161498106165132e-02
2.005753229868886475e-02
2.007344961631608166e-02
2.008936693394329509e-02
2.009617234152462351e-02
2.010297774909645604e-02
2.010978315666828858e-02
2.011658856424011765e-02
2.012339397181195019e-02
2.013019937938378273e-02
2.013700478695561180e-02
2.014381019452744434e-02
2.015061560209927688e-02
2.015742100967110942e-02
2.016422641724293849e-02
2.017103182481477103e-02
2.018340734775120673e-02
2.019578287069350928e-02
2.020815839363581182e-02
2.022053391657811089e-02
2.023290943952041343e-02
2.024528496246271597e-02
2.025766048540501851e-02
2.027003600834732105e-02
2.028241153128962013e-02
2.029478705423192267e-02
2.030716257717422174e-02
2.031953810011652775e-02
2.032282616071595313e-02
2.032611422130570569e-02
2.032940228189546172e-02
2.033269034248521775e-02
2.033597840307497032e-02
2.033926646366472635e-02
2.034255452425448238e-02
2.034584258484423841e-02
2.034913064543399444e-02
2.035241870602375047e-02
2.035570676661350650e-02
2.035899482720325906e-02
2.036935174384445560e-02
2.037970866049325022e-02
2.039006557714204138e-02
2.040042249379083600e-02
2.041077941043963062e-02
2.042113632708842524e-02
2.043149324373721987e-02
2.044185016038601102e-02
2.045220707703480564e-02
2.046256399368360027e-02
2.047292091033239489e-02
2.048327782698118951e-02
2.049171043851483187e-02
2.050014305004638909e-02
2.050857566157794284e-02
2.051700827310950007e-02
2.052544088464105382e-02
2.053387349617260757e-02
2.054230610770416479e-02
2.055073871923571854e-02
2.055917133076727576e-02
2.056760394229882952e-02
2.057603655383038674e-02
2.058446916536194049e-02
2.059886099841727602e-02
2.061325283147914453e-02
2.062764466454101303e-02
2.064203649760288500e-02
2.065642833066475351e-02
2.067082016372662548e-02
2.068521199678849398e-02
2.069960382985036595e-02
2.071399566291223793e-02
2.072838749597410643e-02
2.074277932903597840e-02
2.075717116209784691e-02
2.076876920429533008e-02
2.078036724648971850e-02
2.079196528868410693e-02
2.080356333087849882e-02
2.081516137307288725e-02
2.082675941526727567e-02
2.083835745746166410e-02
2.084995549965605252e-02
2.086155354185044095e-02
2.087315158404483284e-02
2.088474962623922127e-02
2.089634766843360969e-02
2.091322361842462216e-02
2.093009956842154309e-02
2.094697551841846056e-02
2.096385146841538150e-02
2.098072741841229896e-02
2.099760336840921990e-02
2.101447931840614083e-02
2.103135526840305830e-02
2.104823121839997924e-02
2.106510716839689323e-02
2.108198311839381764e-02
2.109885906839073511e-02
2.111314746671877352e-02
2.112743586504388718e-02
2.114172426336900085e-02
2.115601266169411104e-02
2.117030106001922818e-02
2.118458945834434184e-02
2.119887785666945551e-02
2.121316625499457265e-02
2.122745465331968284e-02
2.124174305164479651e-02
2.125603144996991364e-02
2.127031984829502731e-02
2.128183990959602381e-02
2.129335997089386312e-02
2.130488003219170590e-02
2.131640009348954173e-02
2.132792015478738104e-02
2.133944021608522035e-02
2.135096027738305965e-02
2.136248033868090243e-02
2.137400039997873827e-02
2.138552046127658104e-02
2.139704052257442035e-02
2.140856058387225619e-02
2.142537848487611682e-02
2.144219638588607674e-02
2.145901428689602972e-02
2.147583218790598963e-02
2.149265008891594955e-02
2.150946798992590600e-02
2.152628589093586592e-02
2.154310379194582584e-02
2.155992169295577882e-02
2.157673959396573873e-02
2.159355749497569865e-02
2.161037539598565510e-02
2.163134960522355293e-02
2.165232381446628024e-02
2.167329802370901101e-02
2.169427223295174179e-02
2.171524644219447256e-02
2.173622065143720333e-02
2.175719486067993411e-02
2.177816906992265794e-02
2.179914327916538871e-02
2.182011748840811949e-02
2.184109169765085026e-02
2.186206590689358104e-02
2.187957368524479432e-02
2.189708146359194488e-02
2.191458924193909891e-02
2.193209702028624947e-02
2.194960479863340003e-02
2.196711257698054712e-02
2.198462035532770115e-02
2.200212813367485171e-02
2.201963591202200227e-02
2.203714369036914936e-02
2.205465146871630339e-02
2.207215924706345395e-02
2.210713486842883976e-02
2.214211048981491389e-02
2.217708611120098455e-02
2.221206173258705521e-02
2.224703735397312587e-02
2.228201297535919653e-02
2.231698859674527066e-02
2.235196421813134132e-02
2.238693983951741198e-02
2.242191546090348264e-02
2.245689108228955330e-02
2.249186670367562743e-02
2.251363319071571917e-02
2.253539967774002839e-02
2.255716616476433414e-02
2.257893265178863990e-02
2.260069913881295259e-02
2.262246562583725834e-02
2.264423211286156409e-02
2.266599859988586985e-02
2.268776508691018254e-02
2.270953157393448829e-02
2.273129806095879404e-02
2.275306454798309980e-02
2.277719059703542728e-02
2.280131664609059972e-02
2.282544269514576868e-02
2.284956874420094111e-02
2.287369479325611007e-02
2.289782084231128251e-02
2.292194689136645147e-02
2.294607294042162390e-02
2.297019898947679287e-02
2.299432503853196530e-02
2.301845108758713773e-02
2.304257713664230670e-02
2.306256829675756154e-02
2.308255945686778915e-02
2.310255061697800982e-02
2.312254177708823744e-02
2.314253293719845811e-02
2.316252409730868572e-02
2.318251525741890640e-02
2.320250641752913401e-02
2.322249757763935468e-02
2.324248873774958229e-02
2.326247989785980644e-02
2.328247105797003058e-02
2.330594971468723936e-02
2.332942837140873638e-02
2.335290702813022645e-02
2.337638568485172347e-02
2.339986434157321354e-02
2.342334299829471056e-02
2.344682165501620411e-02
2.347030031173769418e-02
2.349377896845919120e-02
2.351725762518068127e-02
2.354073628190217829e-02
2.356421493862367184e-02
2.359043128727580929e-02
2.361664763593133293e-02
2.364286398458686003e-02
2.366908033324239061e-02
2.369529668189791424e-02
2.372151303055344135e-02
2.374772937920896498e-02
2.377394572786449556e-02
2.380016207652002266e-02
2.382637842517554630e-02
2.385259477383107340e-02
2.387881112248660051e-02
2.391390587684518940e-02
2.394900063121486664e-02
2.398409538558455081e-02
2.401919013995423152e-02
2.405428489432390876e-02
2.408937964869359294e-02
2.412447440306327712e-02
2.415956915743295436e-02
2.419466391180263506e-02
2.422975866617231924e-02
2.426485342054199648e-02
2.429994817491168066e-02
2.433528226659026697e-02
2.437061635826915165e-02
2.440595044994803633e-02
2.444128454162692796e-02
2.447661863330581264e-02
2.451195272498469732e-02
2.454728681666358547e-02
2.458262090834247016e-02
2.461795500002135831e-02
2.465328909170024299e-02
2.468862318337913114e-02
2.472395727505801583e-02
2.476695219361567044e-02
2.480994711218306725e-02
2.485294203075046060e-02
2.489593694931785395e-02
2.493893186788524730e-02
2.498192678645264064e-02
2.502492170502003399e-02
2.506791662358742734e-02
2.511091154215482069e-02
2.515390646072222097e-02
2.519690137928961432e-02
2.523989629785700767e-02
2.528143696916058253e-02
2.532297764046229430e-02
2.536451831176400953e-02
2.540605898306571783e-02
2.544759965436742960e-02
2.548914032566914137e-02
2.553068099697085661e-02
2.557222166827256490e-02
2.561376233957427667e-02
2.565530301087598497e-02
2.569684368217770021e-02
2.573838435347941198e-02
2.579298700631200286e-02
2.584758965916148302e-02
2.590219231201096317e-02
2.595679496486044679e-02
2.601139761770992695e-02
2.606600027055941057e-02
2.612060292340889420e-02
2.617520557625837088e-02
2.622980822910785451e-02
2.628441088195733813e-02
2.633901353480682175e-02
2.639361618765629844e-02
2.644427424070829383e-02
2.649493229375514403e-02
2.654559034680198729e-02
2.659624839984883748e-02
2.664690645289568421e-02
2.669756450594253441e-02
2.674822255898938114e-02
2.679888061203623134e-02
2.684953866508307460e-02
2.690019671812992480e-02
2.695085477117677153e-02
2.700151282422362173e-02
2.707000967097199576e-02
2.713850651774382325e-02
2.720700336451565768e-02
2.727550021128749211e-02
2.734399705805931960e-02
2.741249390483115403e-02
2.748099075160298846e-02
2.754948759837481942e-02
2.761798444514665385e-02
2.768648129191848481e-02
2.775497813869031577e-02
2.782347498546215020e-02
2.790597251610879223e-02
2.798847004677400274e-02
2.807096757743921325e-02
2.815346510810441683e-02
2.823596263876962734e-02
2.831846016943483785e-02
2.840095770010004836e-02
2.848345523076525887e-02
2.856595276143046244e-02
2.864845029209567295e-02
2.873094782276088346e-02
2.881344535342609398e-02
2.890020781287777965e-02
2.898697027233516563e-02
2.907373273179255854e-02
2.916049519124994799e-02
2.924725765070733743e-02
2.933402011016472688e-02
2.942078256962211286e-02
2.950754502907950577e-02
2.959430748853689522e-02
2.968106994799428466e-02
2.976783240745167064e-02
2.985459486690906009e-02
2.995817251719531948e-02
3.006175016750423784e-02
3.016532781781315967e-02
3.026890546812207802e-02
3.037248311843099985e-02
3.047606076873992167e-02
3.057963841904884003e-02
3.068321606935776533e-02
3.078679371966668715e-02
3.089037136997560551e-02
3.099394902028452733e-02
3.109752667059344569e-02
3.120758025012392023e-02
3.131763382966318982e-02
3.142768740920246634e-02
3.153774098874173593e-02
3.164779456828101245e-02
3.175784814782028204e-02
3.186790172735955162e-02
3.197795530689882815e-02
3.208800888643810467e-02
3.219806246597737426e-02
3.230811604551665078e-02
3.241816962505592037e-02
3.253331997678633042e-02
3.264847032852372100e-02
3.276362068026110463e-02
3.287877103199850215e-02
3.299392138373589273e-02
3.310907173547327637e-02
3.322422208721066694e-02
3.333937243894805752e-02
3.345452279068544810e-02
3.356967314242283867e-02
3.368482349416022925e-02
3.379997384589761289e-02
3.392586847283438761e-02
3.405176309978599075e-02
3.417765772673760083e-02
3.430355235368920397e-02
3.442944698064080711e-02
3.455534160759241025e-02
3.468123623454402032e-02
3.480713086149562346e-02
3.493302548844722660e-02
3.505892011539883668e-02
3.518481474235043982e-02
3.531070936930204296e-02
3.544505092297928206e-02
3.557939247666826871e-02
3.571373403035725536e-02
3.584807558404624894e-02
3.598241713773523559e-02
3.611675869142422918e-02
3.625110024511321583e-02
3.638544179880220941e-02
3.651978335249119606e-02
3.665412490618018271e-02
3.678846645986916936e-02
3.692280801355816294e-02
3.705706800219860791e-02
3.719132799083894186e-02
3.732558797947927581e-02
3.745984796811960976e-02
3.759410795675994371e-02
3.772836794540027766e-02
3.786262793404060467e-02
3.799688792268093862e-02
3.813114791132126563e-02
3.826540789996159958e-02
3.839966788860193353e-02
3.853392787724226748e-02
3.868160250919785992e-02
3.882927714117241635e-02
3.897695177314697279e-02
3.912462640512152229e-02
3.927230103709607872e-02
3.941997566907062822e-02
3.956765030104519160e-02
3.971532493301974109e-02
3.986299956499429753e-02
4.001067419696885397e-02
4.015834882894340346e-02
4.030602346091795990e-02
4.044405815297100193e-02
4.058209284501030495e-02
4.072012753704961491e-02
4.085816222908891793e-02
4.099619692112822789e-02
4.113423161316753784e-02
4.127226630520684086e-02
4.141030099724615082e-02
4.154833568928546078e-02
4.168637038132477074e-02
4.182440507336408070e-02
4.196243976540338372e-02
4.208620868594031145e-02
4.220997760645676250e-02
4.233374652697322049e-02
4.245751544748966461e-02
4.258128436800612260e-02
4.270505328852257365e-02
4.282882220903902470e-02
4.295259112955548270e-02
4.307636005007192681e-02
4.320012897058838480e-02
4.332389789110483586e-02
4.344766681162127997e-02
4.357372420337816965e-02
4.369978159513837612e-02
4.382583898689857566e-02
4.395189637865877519e-02
4.407795377041897472e-02
4.420401116217917425e-02
4.433006855393937379e-02
4.445612594569957332e-02
4.458218333745977285e-02
4.470824072921997239e-02
4.483429812098017192e-02
4.496035551274037145e-02
4.508822777238500473e-02
4.521610003203227479e-02
4.534397229167954485e-02
4.547184455132681491e-02
4.559971681097409191e-02
4.572758907062136197e-02
4.585546133026863203e-02
4.598333358991589515e-02
4.611120584956317908e-02
4.623907810921044220e-02
4.636695036885771226e-02
4.649482262850498232e-02
4.661741031212049413e-02
4.673999799572824132e-02
4.686258567933599545e-02
4.698517336294374264e-02
4.710776104655148289e-02
4.723034873015923701e-02
4.735293641376698420e-02
4.747552409737473833e-02
4.759811178098248552e-02
4.772069946459023965e-02
4.784328714819798684e-02
4.796587483180574096e-02
4.809032556215968313e-02
4.821477629251640085e-02
4.833922702287309775e-02
4.846367775322980159e-02
4.858812848358651237e-02
4.871257921394321622e-02
4.883702994429992006e-02
4.896148067465663084e-02
4.908593140501333468e-02
4.921038213537003853e-02
4.933483286572674931e-02
4.945928359608345315e-02
4.958595506844695744e-02
4.971262654081377852e-02
4.983929801318059266e-02
4.996596948554741374e-02
5.009264095791422788e-02
5.021931243028105590e-02
5.034598390264786311e-02
5.047265537501467725e-02
5.059932684738149833e-02
5.072599831974831247e-02
5.085266979211514049e-02
5.097934126448194769e-02
5.110777420118270409e-02
5.123620713788611114e-02
5.136464007458951125e-02
5.149307301129291137e-02
5.162150594799631148e-02
5.174993888469970466e-02
5.187837182140310477e-02
5.200680475810650488e-02
5.213523769480990500e-02
5.226367063151330511e-02
5.239210356821670522e-02
5.252053650492010534e-02
5.264364268852410322e-02
5.276674887212005199e-02
5.288985505571600076e-02
5.301296123931193566e-02
5.313606742290788443e-02
5.325917360650383320e-02
5.338227979009978197e-02
5.350538597369572380e-02
5.362849215729167257e-02
5.375159834088762134e-02
5.387470452448356317e-02
5.399781070807951194e-02
5.411675841270940923e-02
5.423570611733296437e-02
5.435465382195653339e-02
5.447360152658010241e-02
5.459254923120366448e-02
5.471149693582722656e-02
5.483044464045078864e-02
5.494939234507435766e-02
5.506834004969792667e-02
5.518728775432148181e-02
5.530623545894505083e-02
5.542518316356860597e-02
5.553415948796055351e-02
5.564313581233720774e-02
5.575211213671385502e-02
5.586108846109050924e-02
5.597006478546716346e-02
5.607904110984381074e-02
5.618801743422047190e-02
5.629699375859711918e-02
5.640597008297376647e-02
5.651494640735042763e-02
5.662392273172707491e-02
5.673289905610372913e-02
5.684678799266877636e-02
5.696067692924140780e-02
5.707456586581404617e-02
5.718845480238667761e-02
5.730234373895931599e-02
5.741623267553194743e-02
5.753012161210458580e-02
5.764401054867721030e-02
5.775789948524984868e-02
5.787178842182248012e-02
5.798567735839511850e-02
5.809956629496774994e-02
5.819041194410869144e-02
5.828125759321378663e-02
5.837210324231888875e-02
5.846294889142398393e-02
5.855379454052908605e-02
5.864464018963418124e-02
5.873548583873929030e-02
5.882633148784438548e-02
5.891717713694948760e-02
5.900802278605458279e-02
5.909886843515967797e-02
5.918971408426478009e-02
5.927595737374120183e-02
5.936220066321041405e-02
5.944844395267963322e-02
5.953468724214885238e-02
5.962093053161806461e-02
5.970717382108727683e-02
5.979341711055648906e-02
5.987966040002570128e-02
5.996590368949491351e-02
6.005214697896413267e-02
6.013839026843334490e-02
6.022463355790255712e-02
6.031326742435604710e-02
6.040190129081331183e-02
6.049053515727056268e-02
6.057916902372782741e-02
6.066780289018508521e-02
6.075643675664234994e-02
6.084507062309960773e-02
6.093370448955687246e-02
6.102233835601413026e-02
6.111097222247139499e-02
6.119960608892864584e-02
6.128823995538591057e-02
6.137950091691952992e-02
6.147076187845731954e-02
6.156202283999510916e-02
6.165328380153289878e-02
6.174454476307068840e-02
6.183580572460848496e-02
6.192706668614627458e-02
6.201832764768406420e-02
6.210958860922184688e-02
6.220084957075963650e-02
6.229211053229742612e-02
6.238337149383521574e-02
6.247670535193083907e-02
6.257003921002977920e-02
6.266337306812871932e-02
6.275670692622765945e-02
6.285004078432659957e-02
6.294337464242552582e-02
6.303670850052446595e-02
6.313004235862340607e-02
6.322337621672234620e-02
6.331671007482128632e-02
6.341004393292021257e-02
6.350337779101916658e-02
6.359761012748509079e-02
6.369184246395248605e-02
6.378607480041986744e-02
6.388030713688724882e-02
6.397453947335463020e-02
6.406877180982201159e-02
6.416300414628939297e-02
6.425723648275677435e-02
6.435146881922415574e-02
6.444570115569155100e-02
6.453993349215893238e-02
6.463416582862631377e-02
6.473658418232999812e-02
6.483900253604694963e-02
6.494142088976390115e-02
6.504383924348085266e-02
6.514625759719780418e-02
6.524867595091476957e-02
6.535109430463170721e-02
6.545351265834865873e-02
6.555593101206562412e-02
6.565834936578257564e-02
6.576076771949952715e-02
6.586318607321647867e-02
6.596531048272234743e-02
6.606743489222773047e-02
6.616955930173312739e-02
6.627168371123851043e-02
6.637380812074390735e-02
6.647593253024930426e-02
6.657805693975468730e-02
6.668018134926007034e-02
6.678230575876546726e-02
6.688443016827085030e-02
6.698655457777624722e-02
6.708867898728163026e-02
6.718311884853787885e-02
6.727755870978151254e-02
6.737199857102516010e-02
6.746643843226879378e-02
6.756087829351242746e-02
6.765531815475604727e-02
6.774975801599968095e-02
6.784419787724331463e-02
6.793863773848694831e-02
6.803307759973058200e-02
6.812751746097421568e-02
6.822195732221784936e-02
6.833130833996624298e-02
6.844065935773931131e-02
6.855001037551236576e-02
6.865936139328542021e-02
6.876871241105848853e-02
6.887806342883154298e-02
6.898741444660459743e-02
6.909676546437765188e-02
6.920611648215072020e-02
6.931546749992377465e-02
6.942481851769682910e-02
6.953416953546989743e-02
6.964103346848497800e-02
6.974789740149593686e-02
6.985476133450689573e-02
6.996162526751784072e-02
7.006848920052879959e-02
7.017535313353974458e-02
7.028221706655070344e-02
7.038908099956164843e-02
7.049594493257259342e-02
7.060280886558355229e-02
7.070967279859449728e-02
7.081653673160545615e-02
7.093492168418046029e-02
7.105330663677476843e-02
7.117169158936907658e-02
7.129007654196338473e-02
7.140846149455767899e-02
7.152684644715200102e-02
7.164523139974630916e-02
7.176361635234060343e-02
7.188200130493491158e-02
7.200038625752921972e-02
7.211877121012352787e-02
7.223715616271783602e-02
7.235860530889692832e-02
7.248005445508118316e-02
7.260150360126542413e-02
7.272295274744969285e-02
7.284440189363393381e-02
7.296585103981818865e-02
7.308730018600245737e-02
7.320874933218669833e-02
7.333019847837095317e-02
7.345164762455520802e-02
7.357309677073946286e-02
7.369454591692371770e-02
7.381767554736838599e-02
7.394080517781591311e-02
7.406393480826342635e-02
7.418706443871093958e-02
7.431019406915846670e-02
7.443332369960597994e-02
7.455645333005349318e-02
7.467958296050100642e-02
7.480271259094853353e-02
7.492584222139604677e-02
7.504897185184356001e-02
7.517210148229108713e-02
7.529730686617026880e-02
7.542251225005301707e-02
7.554771763393573758e-02
7.567292301781847197e-02
7.579812840170122024e-02
7.592333378558394075e-02
7.604853916946667514e-02
7.617374455334942340e-02
7.629894993723214391e-02
7.642415532111487830e-02
7.654936070499762657e-02
7.667456608888034708e-02
7.680740554488296734e-02
7.694024500089871599e-02
7.707308445691446463e-02
7.720592391293019940e-02
7.733876336894594805e-02
7.747160282496169670e-02
7.760444228097744535e-02
7.773728173699318011e-02
7.787012119300892876e-02
7.800296064902467741e-02
7.813580010504041218e-02
7.826863956105616082e-02
7.838804068311680529e-02
7.850744180515420445e-02
7.862684292719160362e-02
7.874624404922900278e-02
7.886564517126638807e-02
7.898504629330378723e-02
7.910444741534118640e-02
7.922384853737858557e-02
7.934324965941598473e-02
7.946265078145338390e-02
7.958205190349078306e-02
7.970145302552818223e-02
7.983051673360219702e-02
7.995958044169304557e-02
8.008864414978389412e-02
8.021770785787474267e-02
8.034677156596559122e-02
8.047583527405642589e-02
8.060489898214727444e-02
8.073396269023812299e-02
8.086302639832897154e-02
8.099209010641980622e-02
8.112115381451065477e-02
8.125021752260150332e-02
8.137268091189983621e-02
8.149514430118659503e-02
8.161760769047338160e-02
8.174007107976014042e-02
8.186253446904691311e-02
8.198499785833368581e-02
8.210746124762044462e-02
8.222992463690721732e-02
8.235238802619399001e-02
8.247485141548076271e-02
8.259731480476752152e-02
8.271977819405429422e-02
8.285771638244626702e-02
8.299565457086550968e-02
8.313359275928475234e-02
8.327153094770399500e-02
8.340946913612325153e-02
8.354740732454249419e-02
8.368534551296173685e-02
8.382328370138099338e-02
8.396122188980022216e-02
8.409916007821947870e-02
8.423709826663872136e-02
8.437503645505795014e-02
8.452275164219918979e-02
8.467046682935776281e-02
8.481818201651633582e-02
8.496589720367489496e-02
8.511361239083346797e-02
8.526132757799204098e-02
8.540904276515061400e-02
8.555675795230918701e-02
8.570447313946774615e-02
8.585218832662631916e-02
8.599990351378489217e-02
8.614761870094346519e-02
8.629858313972682549e-02
8.644954757851597282e-02
8.660051201730513404e-02
8.675147645609428138e-02
8.690244089488344259e-02
8.705340533367258993e-02
8.720436977246175114e-02
8.735533421125089848e-02
8.750629865004005969e-02
8.765726308882920703e-02
8.780822752761836825e-02
8.795919196640751558e-02
8.811694269772703259e-02
8.827469342905874816e-02
8.843244416039046374e-02
8.859019489172216544e-02
8.874794562305389489e-02
8.890569635438559659e-02
8.906344708571729829e-02
8.922119781704902775e-02
8.937894854838072944e-02
8.953669927971243114e-02
8.969445001104416060e-02
8.985220074237586230e-02
9.003096170976748747e-02
9.020972267719708226e-02
9.038848364462667706e-02
9.056724461205624410e-02
9.074600557948582502e-02
9.092476654691541982e-02
9.110352751434498686e-02
9.128228848177458166e-02
9.146104944920416258e-02
9.163981041663375737e-02
9.181857138406332441e-02
9.199733235149290533e-02
9.217609331892233360e-02
9.235485428635177574e-02
9.253361525378119012e-02
9.271237622121061839e-02
9.289113718864004665e-02
9.306989815606947491e-02
9.324865912349888930e-02
9.342742009092831756e-02
9.360618105835774583e-02
9.378494202578717409e-02
9.396370299321658848e-02
9.414246396064603062e-02
9.432122492807544500e-02
9.449998589550487327e-02
9.467874686293431541e-02
9.485750783036372979e-02
9.503626879779315806e-02
