3.188625144931727697e-03
3.176556764260068076e-03
3.164488383588408456e-03
3.152420002916749269e-03
3.140351622245089649e-03
3.128283241573430028e-03
3.116214860901770408e-03
3.106612269488483093e-03
3.097009678075208355e-03
3.087407086661934051e-03
3.077804495248659747e-03
3.068201903835385443e-03
3.058599312422111138e-03
3.048996721008836834e-03
3.039394129595562530e-03
3.029791538182288226e-03
3.020188946769013488e-03
3.010586355355739617e-03
3.000983763942465313e-03
2.985849871076362572e-03
2.970715978210169625e-03
2.955582085343976678e-03
2.940448192477783298e-03
2.925314299611590785e-03
2.910180406745397838e-03
2.895046513879204458e-03
2.879912621013011945e-03
2.864778728146818564e-03
2.849644835280625618e-03
2.834510942414432671e-03
2.819377049548239724e-03
2.807349528371555925e-03
2.795322007194957561e-03
2.783294486018358764e-03
2.771266964841759967e-03
2.759239443665161603e-03
2.747211922488562805e-03
2.735184401311964008e-03
2.723156880135365211e-03
2.711129358958766413e-03
2.699101837782167616e-03
2.687074316605568818e-03
2.675046795428970021e-03
2.672918037707693994e-03
2.670789279986795703e-03
2.668660522265897412e-03
2.666531764544999121e-03
2.664403006824100830e-03
2.662274249103202539e-03
2.660145491382304248e-03
2.658016733661405957e-03
2.655887975940507666e-03
2.653759218219609375e-03
2.651630460498711084e-03
2.649501702777813227e-03
2.647690071056103128e-03
2.645878439334409075e-03
2.644066807612714589e-03
2.642255175891020536e-03
2.640443544169326483e-03
2.638631912447632431e-03
2.636820280725937944e-03
2.635008649004243891e-03
2.633197017282549405e-03
2.631385385560855352e-03
2.629573753839161299e-03
2.627762122117467247e-03
2.626199578574804887e-03
2.624637035032157707e-03
2.623074491489510527e-03
2.621511947946863347e-03
2.619949404404215733e-03
2.618386860861568553e-03
2.616824317318921372e-03
2.615261773776274192e-03
2.613699230233626578e-03
2.612136686690979398e-03
2.610574143148332218e-03
2.609011599605685038e-03
2.607644829746692903e-03
2.606278059887714646e-03
2.604911290028736389e-03
2.603544520169758132e-03
2.602177750310779875e-03
2.600810980451801618e-03
2.599444210592823361e-03
2.598077440733845105e-03
2.596710670874866848e-03
2.595343901015888591e-03
2.593977131156910334e-03
2.592610361297932077e-03
2.583112529605972180e-03
2.573614697913346148e-03
2.564116866220720551e-03
2.554619034528094954e-03
2.545121202835469356e-03
2.535623371142843325e-03
2.526125539450217727e-03
2.516627707757592130e-03
2.507129876064966099e-03
2.497632044372340501e-03
2.488134212679714904e-03
2.478636380987088873e-03
2.478490230386889547e-03
2.478344079787557150e-03
2.478197929188225186e-03
2.478051778588892355e-03
2.477905627989559958e-03
2.477759477390227994e-03
2.477613326790895597e-03
2.477467176191563633e-03
2.477321025592231236e-03
2.477174874992898838e-03
2.477028724393566441e-03
2.476882573794234477e-03
2.484088889245026320e-03
2.491295204696580140e-03
2.498501520148134394e-03
2.505707835599688214e-03
2.512914151051242467e-03
2.520120466502796287e-03
2.527326781954350541e-03
2.534533097405904361e-03
2.541739412857458615e-03
2.548945728309012435e-03
2.556152043760566688e-03
2.563358359212120508e-03
2.568886508029037067e-03
2.574414656845761071e-03
2.579942805662485510e-03
2.585470954479209514e-03
2.590999103295934386e-03
2.596527252112658390e-03
2.602055400929382829e-03
2.607583549746106833e-03
2.613111698562831271e-03
2.618639847379555276e-03
2.624167996196279714e-03
2.629696145013003718e-03
2.633909837359228213e-03
2.638123529705287476e-03
2.642337222051346739e-03
2.646550914397406435e-03
2.650764606743465698e-03
2.654978299089524960e-03
2.659191991435584223e-03
2.663405683781643919e-03
2.667619376127702748e-03
2.671833068473762444e-03
2.676046760819821707e-03
2.680260453165881403e-03
2.683444677194856288e-03
2.686628901223690660e-03
2.689813125252525031e-03
2.692997349281359837e-03
2.696181573310194209e-03
2.699365797339029014e-03
2.702550021367863386e-03
2.705734245396698191e-03
2.708918469425532563e-03
2.712102693454367369e-03
2.715286917483202174e-03
2.718471141512036546e-03
2.713385185700712635e-03
2.708299229888170515e-03
2.703213274075628395e-03
2.698127318263086275e-03
2.693041362450544155e-03
2.687955406638001601e-03
2.682869450825459481e-03
2.677783495012917361e-03
2.672697539200374808e-03
2.667611583387832688e-03
2.662525627575290568e-03
2.657439671762748014e-03
2.653313881311462202e-03
2.649188090860327745e-03
2.645062300409194156e-03
2.640936509958059699e-03
2.636810719506925242e-03
2.632684929055791653e-03
2.628559138604657196e-03
2.624433348153522739e-03
2.620307557702389149e-03
2.616181767251254692e-03
2.612055976800120236e-03
2.607930186348986646e-03
2.603736292359212952e-03
2.599542398369427548e-03
2.595348504379642145e-03
2.591154610389857175e-03
2.586960716400071771e-03
2.582766822410286801e-03
2.578572928420501398e-03
2.574379034430715994e-03
2.570185140440931024e-03
2.565991246451146054e-03
2.561797352461360651e-03
2.557603458471575247e-03
2.546711157931151343e-03
2.535818857389520505e-03
2.524926556847890101e-03
2.514034256306259263e-03
2.503141955764628859e-03
2.492249655222998021e-03
2.481357354681368050e-03
2.470465054139737212e-03
2.459572753598106808e-03
2.448680453056475970e-03
2.437788152514845565e-03
2.426895851973215161e-03
2.418195406747989610e-03
2.409494961523182995e-03
2.400794516298376379e-03
2.392094071073569764e-03
2.383393625848763148e-03
2.374693180623956533e-03
2.365992735399149484e-03
2.357292290174342868e-03
2.348591844949536253e-03
2.339891399724729638e-03
2.331190954499923022e-03
2.322490509275116407e-03
2.308044198754462522e-03
2.293597888232648541e-03
2.279151577710834559e-03
2.264705267189021012e-03
2.250258956667207030e-03
2.235812646145393049e-03
2.221366335623579068e-03
2.206920025101765086e-03
2.192473714579951105e-03
2.178027404058137124e-03
2.163581093536323142e-03
2.149134783014509161e-03
2.130162784330082767e-03
2.111190785644693601e-03
2.092218786959304001e-03
2.073246788273914402e-03
2.054274789588525236e-03
2.035302790903135636e-03
2.016330792217746037e-03
1.997358793532356437e-03
1.978386794846967271e-03
1.959414796161577672e-03
1.940442797476187855e-03
1.921470798790798689e-03
1.906393312703071703e-03
1.891315826616215981e-03
1.876238340529360477e-03
1.861160854442504755e-03
1.846083368355649250e-03
1.831005882268793962e-03
1.815928396181938241e-03
1.800850910095082736e-03
1.785773424008227014e-03
1.770695937921371510e-03
1.755618451834516222e-03
1.740540965747660283e-03
1.728515963788187625e-03
1.716490961829430974e-03
1.704465959870674757e-03
1.692440957911918106e-03
1.680415955953161455e-03
1.668390953994405238e-03
1.656365952035648587e-03
1.644340950076892370e-03
1.632315948118135719e-03
1.620290946159379502e-03
1.608265944200622851e-03
1.596240942241866200e-03
1.570859563815982371e-03
1.545478185386818396e-03
1.520096806957654421e-03
1.494715428528490446e-03
1.469334050099326688e-03
1.443952671670162497e-03
1.418571293240998739e-03
1.393189914811834981e-03
1.367808536382670789e-03
1.342427157953507031e-03
1.317045779524343273e-03
1.291664401095179082e-03
1.271516496152954104e-03
1.251368591212071585e-03
1.231220686271188849e-03
1.211072781330306330e-03
1.190924876389423594e-03
1.170776971448540859e-03
1.150629066507658340e-03
1.130481161566775604e-03
1.110333256625893085e-03
1.090185351685010132e-03
1.070037446744127613e-03
1.049889541803244878e-03
1.026379468196086291e-03
1.002869394588028901e-03
9.793593209799710767e-04
9.558492473719134696e-04
9.323391737638558625e-04
9.088291001557981469e-04
8.853190265477406482e-04
8.618089529396829327e-04
8.382988793316254340e-04
8.147888057235677184e-04
7.912787321155100029e-04
7.677686585074525042e-04
7.416010680370053272e-04
7.154334775658186159e-04
6.892658870946319046e-04
6.630982966234450849e-04
6.369307061522582651e-04
6.107631156810715539e-04
5.845955252098848426e-04
5.584279347386980228e-04
5.322603442675113115e-04
5.060927537963244918e-04
4.799251633251377805e-04
4.537575728539510150e-04
4.404127334585951261e-04
4.270678940669477507e-04
4.137230546753004295e-04
4.003782152836531084e-04
3.870333758920058414e-04
3.736885365003584660e-04
3.603436971087111990e-04
3.469988577170638236e-04
3.336540183254165025e-04
3.203091789337692355e-04
3.069643395421219143e-04
2.936195001504745389e-04
2.745984303689893904e-04
2.555773605858005807e-04
2.365562908026117711e-04
2.175352210194229886e-04
1.985141512362341518e-04
1.794930814530453693e-04
1.604720116698565597e-04
1.414509418866677771e-04
1.224298721034789675e-04
1.034088023202901579e-04
8.438773253710133467e-05
6.536666275391255214e-05
5.015735059757455989e-05
3.494803844242220370e-05
1.973872628726984751e-05
4.529414132117492164e-06
-1.067989802303485640e-05
-2.588921017818721768e-05
-4.109852233333957726e-05
-5.630783448849191312e-05
-7.151714664364427609e-05
-8.672645879879663905e-05
-1.019357709539489885e-04
-1.171450831091013379e-04
-1.293663650819197814e-04
-1.415876470537762123e-04
-1.538089290256326432e-04
-1.660302109974890741e-04
-1.782514929693454779e-04
-1.904727749412019088e-04
-2.026940569130583126e-04
-2.149153388849147435e-04
-2.271366208567712015e-04
-2.393579028286275782e-04
-2.515791848004840362e-04
-2.638004667723404671e-04
-2.736791671143788468e-04
-2.835578674556374140e-04
-2.934365677968959812e-04
-3.033152681381545484e-04
-3.131939684794131156e-04
-3.230726688206717371e-04
-3.329513691619303043e-04
-3.428300695031888715e-04
-3.527087698444474929e-04
-3.625874701857060060e-04
-3.724661705269646274e-04
-3.823448708682231946e-04
-3.978507611187957500e-04
-4.133566513713029015e-04
-4.288625416238100530e-04
-4.443684318763172045e-04
-4.598743221288243560e-04
-4.753802123813314533e-04
-4.908861026338385506e-04
-5.063919928863457563e-04
-5.218978831388528536e-04
-5.374037733913600593e-04
-5.529096636438671566e-04
-5.684155538963743624e-04
-5.734255413798286819e-04
-5.784355288595600681e-04
-5.834455163392914543e-04
-5.884555038190229488e-04
-5.934654912987543350e-04
-5.984754787784858296e-04
-6.034854662582172158e-04
-6.084954537379486019e-04
-6.135054412176799881e-04
-6.185154286974113742e-04
-6.235254161771428688e-04
-6.285354036568742550e-04
-6.485087917391212098e-04
-6.684821798268390488e-04
-6.884555679145567793e-04
-7.084289560022746183e-04
-7.284023440899924573e-04
-7.483757321777102962e-04
-7.683491202654281352e-04
-7.883225083531459742e-04
-8.082958964408637047e-04
-8.282692845285815437e-04
-8.482426726162993827e-04
-8.682160607040172217e-04
-8.842148112377343520e-04
-9.002135617699547412e-04
-9.162123123021752389e-04
-9.322110628343957366e-04
-9.482098133666162342e-04
-9.642085638988366235e-04
-9.802073144310572295e-04
-9.962060649632777272e-04
-1.012204815495498008e-03
-1.028203566027718506e-03
-1.044202316559939220e-03
-1.060201067092159501e-03
-1.080547996000519751e-03
-1.100894924910564851e-03
-1.121241853820609735e-03
-1.141588782730654618e-03
-1.161935711640699719e-03
-1.182282640550744602e-03
-1.202629569460789485e-03
-1.222976498370834369e-03
-1.243323427280879469e-03
-1.263670356190924353e-03
-1.284017285100969453e-03
-1.304364214011014336e-03
-1.343068926094498176e-03
-1.381773638185295394e-03
-1.420478350276092394e-03
-1.459183062366889395e-03
-1.497887774457686396e-03
-1.536592486548483396e-03
-1.575297198639280397e-03
-1.614001910730077614e-03
-1.652706622820874181e-03
-1.691411334911671399e-03
-1.730116047002468399e-03
-1.768820759093265617e-03
-1.807052765360139162e-03
-1.845284771626819285e-03
-1.883516777893499625e-03
-1.921748784160179748e-03
-1.959980790426859871e-03
-1.998212796693540211e-03
-2.036444802960220551e-03
-2.074676809226900457e-03
-2.112908815493580797e-03
-2.151140821760261137e-03
-2.189372828026941477e-03
-2.227604834293621383e-03
-2.258845755581276576e-03
-2.290086676865994448e-03
-2.321327598150711886e-03
-2.352568519435429759e-03
-2.383809440720147631e-03
-2.415050362004865069e-03
-2.446291283289582941e-03
-2.477532204574300814e-03
-2.508773125859018252e-03
-2.540014047143736124e-03
-2.571254968428453996e-03
-2.602495889713171435e-03
-2.634902543958105286e-03
-2.667309198203541773e-03
-2.699715852448978260e-03
-2.732122506694414747e-03
-2.764529160939851234e-03
-2.796935815185287721e-03
-2.829342469430724209e-03
-2.861749123676161129e-03
-2.894155777921597616e-03
-2.926562432167034104e-03
-2.958969086412470591e-03
-2.991375740657907078e-03
-3.017253993882679838e-03
-3.043132247104567319e-03
-3.069010500326454800e-03
-3.094888753548342281e-03
-3.120767006770229328e-03
-3.146645259992117243e-03
-3.172523513214004724e-03
-3.198401766435891771e-03
-3.224280019657779252e-03
-3.250158272879667166e-03
-3.276036526101553780e-03
-3.301914779323441695e-03
-3.330139600575822770e-03
-3.358364421829267230e-03
-3.386589243082711257e-03
-3.414814064336155284e-03
-3.443038885589598877e-03
-3.471263706843043337e-03
-3.499488528096487364e-03
-3.527713349349931391e-03
-3.555938170603375852e-03
-3.584162991856819878e-03
-3.612387813110263905e-03
-3.640612634363707498e-03
-3.670698246300702940e-03
-3.700783858238560105e-03
-3.730869470176418137e-03
-3.760955082114276170e-03
-3.791040694052134202e-03
-3.821126305989992235e-03
-3.851211917927850267e-03
-3.881297529865707432e-03
-3.911383141803565465e-03
-3.941468753741423497e-03
-3.971554365679281530e-03
-4.001639977617139562e-03
-4.025741634324269541e-03
-4.049843291028558910e-03
-4.073944947732848279e-03
-4.098046604437137648e-03
-4.122148261141427017e-03
-4.146249917845716386e-03
-4.170351574550005755e-03
-4.194453231254295124e-03
-4.218554887958585360e-03
-4.242656544662873862e-03
-4.266758201367163231e-03
-4.290859858071453467e-03
-4.310270499289113252e-03
-4.329681140504496213e-03
-4.349091781719879174e-03
-4.368502422935261267e-03
-4.387913064150643361e-03
-4.407323705366026322e-03
-4.426734346581408415e-03
-4.446144987796790508e-03
-4.465555629012174337e-03
-4.484966270227556430e-03
-4.504376911442938523e-03
-4.523787552658320617e-03
-4.546984304664542301e-03
-4.570181056672642690e-03
-4.593377808680743947e-03
-4.616574560688845204e-03
-4.639771312696946461e-03
-4.662968064705047717e-03
-4.686164816713148974e-03
-4.709361568721250231e-03
-4.732558320729350620e-03
-4.755755072737451877e-03
-4.778951824745552267e-03
-4.802148576753653524e-03
-4.820869911653199308e-03
-4.839591246550474339e-03
-4.858312581447748503e-03
-4.877033916345022667e-03
-4.895755251242297698e-03
-4.914476586139571862e-03
-4.933197921036846026e-03
-4.951919255934120190e-03
-4.970640590831395221e-03
-4.989361925728669385e-03
-5.008083260625943549e-03
-5.026804595523218580e-03
-5.056944909857438372e-03
-5.087085224197578776e-03
-5.117225538537719179e-03
-5.147365852877859582e-03
-5.177506167218000853e-03
-5.207646481558141256e-03
-5.237786795898281660e-03
-5.267927110238422063e-03
-5.298067424578562466e-03
-5.328207738918702870e-03
-5.358348053258843273e-03
-5.388488367598983676e-03
-5.420979189363538987e-03
-5.453470011129338095e-03
-5.485960832895138070e-03
-5.518451654660938045e-03
-5.550942476426738020e-03
-5.583433298192537128e-03
-5.615924119958336236e-03
-5.648414941724136211e-03
-5.680905763489936186e-03
-5.713396585255735294e-03
-5.745887407021535269e-03
-5.778378228787335244e-03
-5.796986067999223939e-03
-5.815593907203613425e-03
-5.834201746408002043e-03
-5.852809585612391528e-03
-5.871417424816780146e-03
-5.890025264021169632e-03
-5.908633103225558250e-03
-5.927240942429947736e-03
-5.945848781634336354e-03
-5.964456620838725839e-03
-5.983064460043115325e-03
-6.001672299247503943e-03
-6.016839264400829744e-03
-6.032006229552259492e-03
-6.047173194703690108e-03
-6.062340159855119856e-03
-6.077507125006549604e-03
-6.092674090157979352e-03
-6.107841055309409101e-03
-6.123008020460838849e-03
-6.138174985612268597e-03
-6.153341950763698345e-03
-6.168508915915128961e-03
-6.183675881066558709e-03
-6.196144251945316823e-03
-6.208612622822557922e-03
-6.221080993699799888e-03
-6.233549364577040987e-03
-6.246017735454281218e-03
-6.258486106331523184e-03
-6.270954477208764283e-03
-6.283422848086006249e-03
-6.295891218963248215e-03
-6.308359589840487579e-03
-6.320827960717729545e-03
-6.333296331594971511e-03
-6.359396815831817699e-03
-6.385497300076475348e-03
-6.411597784321132996e-03
-6.437698268565791512e-03
-6.463798752810449161e-03
-6.489899237055106809e-03
-6.515999721299764458e-03
-6.542100205544422106e-03
-6.568200689789079755e-03
-6.594301174033737403e-03
-6.620401658278395052e-03
-6.646502142523052700e-03
-6.682511690721689400e-03
-6.718521238926110535e-03
-6.754530787130530803e-03
-6.790540335334952805e-03
-6.826549883539373940e-03
-6.862559431743795943e-03
-6.898568979948217078e-03
-6.934578528152639081e-03
-6.970588076357060216e-03
-7.006597624561482218e-03
-7.042607172765902486e-03
-7.078616720970323621e-03
-7.100044223350612110e-03
-7.121471725722226115e-03
-7.142899228093840119e-03
-7.164326730465454991e-03
-7.185754232837068996e-03
-7.207181735208683000e-03
-7.228609237580298739e-03
-7.250036739951912744e-03
-7.271464242323526748e-03
-7.292891744695140753e-03
-7.314319247066754758e-03
-7.335746749438368762e-03
-7.368934429506290504e-03
-7.402122109581335020e-03
-7.435309789656378669e-03
-7.468497469731424053e-03
-7.501685149806467702e-03
-7.534872829881511351e-03
-7.568060509956556735e-03
-7.601248190031600384e-03
-7.634435870106645768e-03
-7.667623550181689417e-03
-7.700811230256733066e-03
-7.733998910331778449e-03
-7.768164576537843653e-03
-7.802330242744511674e-03
-7.836495908951178826e-03
-7.870661575157847714e-03
-7.904827241364514867e-03
-7.938992907571183755e-03
-7.973158573777850908e-03
-8.007324239984518061e-03
-8.041489906191186948e-03
-8.075655572397854101e-03
-8.109821238604522989e-03
-8.143986904811190142e-03
-8.171476082956813727e-03
-8.198965261098246221e-03
-8.226454439239680450e-03
-8.253943617381112943e-03
-8.281432795522545437e-03
-8.308921973663979665e-03
-8.336411151805412159e-03
-8.363900329946844653e-03
-8.391389508088278881e-03
-8.418878686229711375e-03
-8.446367864371143869e-03
-8.473857042512578097e-03
-8.519324855336995669e-03
-8.564792668172895376e-03
-8.610260481008793348e-03
-8.655728293844691321e-03
-8.701196106680589293e-03
-8.746663919516487265e-03
-8.792131732352385237e-03
-8.837599545188283209e-03
-8.883067358024182916e-03
-8.928535170860079154e-03
-8.974002983695978861e-03
-9.019470796531876833e-03
-9.040956937175857050e-03
-9.062443077804266389e-03
-9.083929218432673994e-03
-9.105415359061081598e-03
-9.126901499689489203e-03
-9.148387640317898542e-03
-9.169873780946307881e-03
-9.191359921574713751e-03
-9.212846062203123090e-03
-9.234332202831530695e-03
-9.255818343459940034e-03
-9.277304484088347639e-03
-9.302339962358161657e-03
-9.327375440630322756e-03
-9.352410918902480386e-03
-9.377446397174641485e-03
-9.402481875446799114e-03
-9.427517353718958479e-03
-9.452552831991117843e-03
-9.477588310263277208e-03
-9.502623788535436572e-03
-9.527659266807595936e-03
-9.552694745079755301e-03
-9.577730223351914665e-03
-9.613852944208389414e-03
-9.649975665072304393e-03
-9.686098385936221106e-03
-9.722221106800136084e-03
-9.758343827664051062e-03
-9.794466548527967775e-03
-9.830589269391882754e-03
-9.866711990255799467e-03
-9.902834711119716180e-03
-9.938957431983631158e-03
-9.975080152847546136e-03
-1.001120287371146285e-02
-1.004031182621247312e-02
-1.006942077870870075e-02
-1.009852973120492665e-02
-1.012763868370115256e-02
-1.015674763619738019e-02
-1.018585658869360783e-02
-1.021496554118983373e-02
-1.024407449368605963e-02
-1.027318344618228727e-02
-1.030229239867851490e-02
-1.033140135117474080e-02
-1.036051030367096670e-02
-1.039986923385999990e-02
-1.043922816405613678e-02
-1.047858709425227366e-02
-1.051794602444841055e-02
-1.055730495464454570e-02
-1.059666388484068258e-02
-1.063602281503682120e-02
-1.067538174523295635e-02
-1.071474067542909324e-02
-1.075409960562523012e-02
-1.079345853582136527e-02
-1.083281746601750216e-02
-1.087943442373519309e-02
-1.092605138145799105e-02
-1.097266833918078902e-02
-1.101928529690358871e-02
-1.106590225462638841e-02
-1.111251921234918463e-02
-1.115913617007198433e-02
-1.120575312779478402e-02
-1.125237008551758199e-02
-1.129898704324037995e-02
-1.134560400096317964e-02
-1.139222095868597760e-02
-1.144539079065455371e-02
-1.149856062262781531e-02
-1.155173045460107691e-02
-1.160490028657433850e-02
-1.165807011854760010e-02
-1.171123995052086170e-02
-1.176440978249412156e-02
-1.181757961446738316e-02
-1.187074944644064475e-02
-1.192391927841390462e-02
-1.197708911038716621e-02
-1.203025894236042607e-02
-1.207286146731757250e-02
-1.211546399226704623e-02
-1.215806651721652171e-02
-1.220066904216599891e-02
-1.224327156711547265e-02
-1.228587409206494813e-02
-1.232847661701442360e-02
-1.237107914196389907e-02
-1.241368166691337281e-02
-1.245628419186284828e-02
-1.249888671681232376e-02
-1.254148924176179923e-02
-1.258327169334284845e-02
-1.262505414492329399e-02
-1.266683659650374300e-02
-1.270861904808418853e-02
-1.275040149966463407e-02
-1.279218395124508134e-02
-1.283396640282552688e-02
-1.287574885440597242e-02
-1.291753130598642142e-02
-1.295931375756686522e-02
-1.300109620914731076e-02
-1.304287866072775630e-02
-1.309232380242410926e-02
-1.314176894412619027e-02
-1.319121408582826956e-02
-1.324065922753035057e-02
-1.329010436923243159e-02
-1.333954951093451087e-02
-1.338899465263659189e-02
-1.343843979433867290e-02
-1.348788493604075045e-02
-1.353733007774283147e-02
-1.358677521944491422e-02
-1.363622036114699176e-02
-1.368343155867333093e-02
-1.373064275619797700e-02
-1.377785395372262134e-02
-1.382506515124726741e-02
-1.387227634877191002e-02
-1.391948754629655609e-02
-1.396669874382119869e-02
-1.401390994134584476e-02
-1.406112113887049084e-02
-1.410833233639513518e-02
-1.415554353391977778e-02
-1.420275473144442385e-02
-1.424905646453273819e-02
-1.429535819762035170e-02
-1.434165993070796521e-02
-1.438796166379557873e-02
-1.443426339688319397e-02
-1.448056512997080748e-02
-1.452686686305842099e-02
-1.457316859614603451e-02
-1.461947032923364628e-02
-1.466577206232126326e-02
-1.471207379540887678e-02
-1.475837552849648855e-02
-1.479570208277172262e-02
-1.483302863703995361e-02
-1.487035519130818113e-02
-1.490768174557641039e-02
-1.494500829984464138e-02
-1.498233485411286890e-02
-1.501966140838109816e-02
-1.505698796264932915e-02
-1.509431451691755667e-02
-1.513164107118578766e-02
-1.516896762545401692e-02
-1.520629417972224444e-02
-1.523658373812363138e-02
-1.526687329651944813e-02
-1.529716285491526835e-02
-1.532745241331108510e-02
-1.535774197170690185e-02
-1.538803153010272033e-02
-1.541832108849853708e-02
-1.544861064689435383e-02
-1.547890020529017058e-02
-1.550918976368599080e-02
-1.553947932208180754e-02
-1.556976888047762429e-02
-1.560200416771440404e-02
-1.563423945495274331e-02
-1.566647474219108258e-02
-1.569871002942942184e-02
-1.573094531666776458e-02
-1.576318060390610037e-02
-1.579541589114444311e-02
-1.582765117838277891e-02
-1.585988646562112164e-02
-1.589212175285945744e-02
-1.592435704009780018e-02
-1.595659232733613944e-02
-1.598372903504292897e-02
-1.601086574274556903e-02
-1.603800245044821257e-02
-1.606513915815085264e-02
-1.609227586585349618e-02
-1.611941257355613971e-02
-1.614654928125877978e-02
-1.617368598896142678e-02
-1.620082269666406685e-02
-1.622795940436671039e-02
-1.625509611206935393e-02
-1.628223281977199399e-02
-1.630455166110494902e-02
-1.632687050243393501e-02
-1.634918934376292099e-02
-1.637150818509190350e-02
-1.639382702642088949e-02
-1.641614586774987200e-02
-1.643846470907886145e-02
-1.646078355040784397e-02
-1.648310239173682995e-02
-1.650542123306581246e-02
-1.652774007439480192e-02
-1.655005891572378443e-02
-1.657606225892542182e-02
-1.660206560213013313e-02
-1.662806894533484792e-02
-1.665407228853956270e-02
-1.668007563174427055e-02
-1.670607897494898533e-02
-1.673208231815370012e-02
-1.675808566135841490e-02
-1.678408900456312622e-02
-1.681009234776783753e-02
-1.683609569097255232e-02
-1.686209903417726363e-02
-1.689100915523805008e-02
-1.691991927630129636e-02
-1.694882939736454264e-02
-1.697773951842778545e-02
-1.700664963949102826e-02
-1.703555976055427454e-02
-1.706446988161752082e-02
-1.709338000268076363e-02
-1.712229012374400991e-02
-1.715120024480725619e-02
-1.718011036587049900e-02
-1.720902048693374181e-02
-1.724851296454760555e-02
-1.728800544217053842e-02
-1.732749791979347129e-02
-1.736699039741640069e-02
-1.740648287503933356e-02
-1.744597535266226296e-02
-1.748546783028519236e-02
-1.752496030790812523e-02
-1.756445278553105463e-02
-1.760394526315398750e-02
-1.764343774077691690e-02
-1.768293021839984630e-02
-1.770754790773888462e-02
-1.773216559706501314e-02
-1.775678328639114165e-02
-1.778140097571727363e-02
-1.780601866504340561e-02
-1.783063635436953412e-02
-1.785525404369566263e-02
-1.787987173302179114e-02
-1.790448942234792312e-02
-1.792910711167405163e-02
-1.795372480100018014e-02
-1.797834249032631213e-02
-1.801448904965700232e-02
-1.805063560899782329e-02
-1.808678216833864080e-02
-1.812292872767946178e-02
-1.815907528702028276e-02
-1.819522184636110373e-02
-1.823136840570192124e-02
-1.826751496504274222e-02
-1.830366152438356320e-02
-1.833980808372438417e-02
-1.837595464306520168e-02
-1.841210120240602266e-02
-1.844904258631036020e-02
-1.848598397021540204e-02
-1.852292535412044736e-02
-1.855986673802548920e-02
-1.859680812193053451e-02
-1.863374950583557635e-02
-1.867069088974062166e-02
-1.870763227364566697e-02
-1.874457365755070881e-02
-1.878151504145575065e-02
-1.881845642536079596e-02
-1.885539780926584127e-02
-1.889298129306025975e-02
-1.893056477685526109e-02
-1.896814826065025550e-02
-1.900573174444525684e-02
-1.904331522824025472e-02
-1.908089871203525606e-02
-1.911848219583025393e-02
-1.915606567962525528e-02
-1.919364916342024968e-02
-1.923123264721525102e-02
-1.926881613101024890e-02
-1.930639961480525024e-02
-1.935279050601391299e-02
-1.939918139723060750e-02
-1.944557228844730201e-02
-1.949196317966399652e-02
-1.953835407088069104e-02
-1.958474496209738208e-02
-1.963113585331407659e-02
-1.967752674453077111e-02
-1.972391763574746215e-02
-1.977030852696415320e-02
-1.981669941818084771e-02
-1.986309030939754222e-02
-1.990814323078303819e-02
-1.995319615216729903e-02
-1.999824907355155987e-02
-2.004330199493582071e-02
-2.008835491632008502e-02
-2.013340783770434586e-02
-2.017846075908860670e-02
-2.022351368047286754e-02
-2.026856660185713185e-02
-2.031361952324139269e-02
-2.035867244462565354e-02
-2.040372536600991438e-02
-2.043282082173870917e-02
-2.046191627745261657e-02
-2.049101173316651703e-02
-2.052010718888042096e-02
-2.054920264459432835e-02
-2.057829810030823228e-02
-2.060739355602213274e-02
-2.063648901173603667e-02
-2.066558446744994407e-02
-2.069467992316384800e-02
-2.072377537887775192e-02
-2.075287083459165585e-02
-2.078518229288150304e-02
-2.081749375117438253e-02
-2.084980520946726548e-02
-2.088211666776014844e-02
-2.091442812605303139e-02
-2.094673958434591435e-02
-2.097905104263879730e-02
-2.101136250093168026e-02
-2.104367395922455974e-02
-2.107598541751744270e-02
-2.110829687581032565e-02
-2.114060833410320861e-02
-2.118210435905891822e-02
-2.122360038402339860e-02
-2.126509640898787898e-02
-2.130659243395235936e-02
-2.134808845891684320e-02
-2.138958448388132358e-02
-2.143108050884580049e-02
-2.147257653381028433e-02
-2.151407255877476471e-02
-2.155556858373924509e-02
-2.159706460870372546e-02
-2.163856063366820584e-02
-2.167236835089916130e-02
-2.170617606812268868e-02
-2.173998378534621606e-02
-2.177379150256973997e-02
-2.180759921979326735e-02
-2.184140693701679473e-02
-2.187521465424032210e-02
-2.190902237146384948e-02
-2.194283008868737339e-02
-2.197663780591090077e-02
-2.201044552313442815e-02
-2.204425324035795553e-02
-2.208778035105273332e-02
-2.213130746175700006e-02
-2.217483457246127374e-02
-2.221836168316554394e-02
-2.226188879386981068e-02
-2.230541590457408435e-02
-2.234894301527835456e-02
-2.239247012598262476e-02
-2.243599723668689497e-02
-2.247952434739116517e-02
-2.252305145809543538e-02
-2.256657856879970211e-02
-2.259455388158942285e-02
-2.262252919436378434e-02
-2.265050450713814237e-02
-2.267847981991250039e-02
-2.270645513268685495e-02
-2.273443044546121644e-02
-2.276240575823557447e-02
-2.279038107100993249e-02
-2.281835638378429051e-02
-2.284633169655864854e-02
-2.287430700933300656e-02
-2.290228232210736459e-02
-2.294043416337428198e-02
-2.297858600465135792e-02
-2.301673784592843386e-02
-2.305488968720551327e-02
-2.309304152848258920e-02
-2.313119336975966861e-02
-2.316934521103674455e-02
-2.320749705231382395e-02
-2.324564889359089989e-02
-2.328380073486797583e-02
-2.332195257614505177e-02
-2.336010441742213117e-02
-2.339216603514186407e-02
-2.342422765285544564e-02
-2.345628927056902721e-02
-2.348835088828261225e-02
-2.352041250599619382e-02
-2.355247412370977539e-02
-2.358453574142336043e-02
-2.361659735913694200e-02
-2.364865897685052357e-02
-2.368072059456410514e-02
-2.371278221227769017e-02
-2.374484382999127174e-02
-2.377130935839429082e-02
-2.379777488679159919e-02
-2.382424041518891103e-02
-2.385070594358621940e-02
-2.387717147198353124e-02
-2.390363700038083961e-02
-2.393010252877815144e-02
-2.395656805717545981e-02
-2.398303358557277165e-02
-2.400949911397008002e-02
-2.403596464236738839e-02
-2.406243017076469676e-02
-2.408450519628514697e-02
-2.410658022180106261e-02
-2.412865524731698172e-02
-2.415073027283289736e-02
-2.417280529834881647e-02
-2.419488032386473211e-02
-2.421695534938065122e-02
-2.423903037489656687e-02
-2.426110540041248598e-02
-2.428318042592840509e-02
-2.430525545144432073e-02
-2.432733047696023984e-02
-2.433931670305021500e-02
-2.435130292912967773e-02
-2.436328915520914046e-02
-2.437527538128860319e-02
-2.438726160736806245e-02
-2.439924783344752518e-02
-2.441123405952698791e-02
-2.442322028560644717e-02
-2.443520651168590990e-02
-2.444719273776536916e-02
-2.445917896384483536e-02
-2.447116518992429463e-02
-2.448932615408170796e-02
-2.450748711824562304e-02
-2.452564808240953811e-02
-2.454380904657345319e-02
-2.456197001073737174e-02
-2.458013097490128682e-02
-2.459829193906520189e-02
-2.461645290322911697e-02
-2.463461386739303205e-02
-2.465277483155695060e-02
-2.467093579572086567e-02
-2.468909675988478075e-02
-2.469718666958834949e-02
-2.470527657928120110e-02
-2.471336648897405272e-02
-2.472145639866690434e-02
-2.472954630835975595e-02
-2.473763621805260757e-02
-2.474572612774545918e-02
-2.475381603743831080e-02
-2.476190594713116241e-02
-2.476999585682401403e-02
-2.477808576651686565e-02
-2.478617567620971726e-02
-2.480209369314380352e-02
-2.481801171008630319e-02
-2.483392972702880633e-02
-2.484984774397130600e-02
-2.486576576091380567e-02
-2.488168377785630880e-02
-2.489760179479880847e-02
-2.491351981174131161e-02
-2.492943782868381128e-02
-2.494535584562631095e-02
-2.496127386256881409e-02
-2.497719187951131375e-02
-2.499098003623879266e-02
-2.500476819296396092e-02
-2.501855634968912570e-02
-2.503234450641429396e-02
-2.504613266313945874e-02
-2.505992081986462700e-02
-2.507370897658979525e-02
-2.508749713331495657e-02
-2.510128529004012829e-02
-2.511507344676528961e-02
-2.512886160349045786e-02
-2.514264976021562265e-02
-2.516304860053713774e-02
-2.518344744086590745e-02
-2.520384628119467368e-02
-2.522424512152343645e-02
-2.524464396185220269e-02
-2.526504280218097240e-02
-2.528544164250973864e-02
-2.530584048283850140e-02
-2.532623932316726764e-02
-2.534663816349603041e-02
-2.536703700382480359e-02
-2.538743584415356636e-02
-2.540475082852245575e-02
-2.542206581288792774e-02
-2.543938079725339974e-02
-2.545669578161886826e-02
-2.547401076598434719e-02
-2.549132575034981571e-02
-2.550864073471528770e-02
-2.552595571908075969e-02
-2.554327070344623515e-02
-2.556058568781170368e-02
-2.557790067217717567e-02
-2.559521565654264766e-02
-2.561839374167515851e-02
-2.564157182681421968e-02
-2.566474991195328778e-02
-2.568792799709235589e-02
-2.571110608223142052e-02
-2.573428416737048863e-02
-2.575746225250954979e-02
-2.578064033764861790e-02
-2.580381842278768600e-02
-2.582699650792675411e-02
-2.585017459306581528e-02
-2.587335267820488338e-02
-2.589368210432944212e-02
-2.591401153045078468e-02
-2.593434095657212377e-02
-2.595467038269346285e-02
-2.597499980881480888e-02
-2.599532923493614797e-02
-2.601565866105749053e-02
-2.603598808717882962e-02
-2.605631751330017565e-02
-2.607664693942151474e-02
-2.609697636554285383e-02
-2.611730579166419638e-02
-2.613457909905327406e-02
-2.615185240643886841e-02
-2.616912571382445582e-02
-2.618639902121005364e-02
-2.620367232859564799e-02
-2.622094563598123887e-02
-2.623821894336683322e-02
-2.625549225075242063e-02
-2.627276555813801845e-02
-2.629003886552360586e-02
-2.630731217290920368e-02
-2.632458548029479803e-02
-2.634774356925884825e-02
-2.637090165822967430e-02
-2.639405974720049688e-02
-2.641721783617132641e-02
-2.644037592514214899e-02
-2.646353401411298198e-02
-2.648669210308380456e-02
-2.650985019205463408e-02
-2.653300828102545666e-02
-2.655616636999628619e-02
-2.657932445896711224e-02
-2.660248254793793482e-02
-2.663027292927564252e-02
-2.665806331061873133e-02
-2.668585369196182014e-02
-2.671364407330490895e-02
-2.674143445464799429e-02
-2.676922483599108310e-02
-2.679701521733417191e-02
-2.682480559867726072e-02
-2.685259598002034259e-02
-2.688038636136343140e-02
-2.690817674270652021e-02
-2.693596712404960902e-02
-2.695994428779878438e-02
-2.698392145154348415e-02
-2.700789861528818739e-02
-2.703187577903288716e-02
-2.705585294277759040e-02
-2.707983010652229017e-02
-2.710380727026699341e-02
-2.712778443401169318e-02
-2.715176159775639642e-02
-2.717573876150108925e-02
-2.719971592524579249e-02
-2.722369308899049226e-02
-2.726707128937463573e-02
-2.731044948978175041e-02
-2.735382769018886509e-02
-2.739720589059597977e-02
-2.744058409100309445e-02
-2.748396229141020913e-02
-2.752734049181732728e-02
-2.757071869222444196e-02
-2.761409689263155665e-02
-2.765747509303867133e-02
-2.770085329344578601e-02
-2.774423149385290069e-02
-2.777302485761440690e-02
-2.780181822135848607e-02
-2.783061158510256525e-02
-2.785940494884664442e-02
-2.788819831259071666e-02
-2.791699167633479584e-02
-2.794578504007887501e-02
-2.797457840382295766e-02
-2.800337176756703683e-02
-2.803216513131110907e-02
-2.806095849505518824e-02
-2.808975185879926742e-02
-2.812119654831000959e-02
-2.815264123782394712e-02
-2.818408592733788812e-02
-2.821553061685182218e-02
-2.824697530636576318e-02
-2.827841999587970070e-02
-2.830986468539364170e-02
-2.834130937490757923e-02
-2.837275406442152023e-02
-2.840419875393545429e-02
-2.843564344344939182e-02
-2.846708813296333282e-02
-2.849398552933843018e-02
-2.852088292570799377e-02
-2.854778032207756083e-02
-2.857467771844712789e-02
-2.860157511481669149e-02
-2.862847251118625855e-02
-2.865536990755581867e-02
-2.868226730392538226e-02
-2.870916470029494932e-02
-2.873606209666451292e-02
-2.876295949303407998e-02
-2.878985688940364357e-02
-2.882065185794988743e-02
-2.885144682650092607e-02
-2.888224179505195777e-02
-2.891303676360298947e-02
-2.894383173215402116e-02
-2.897462670070505286e-02
-2.900542166925608456e-02
-2.903621663780712320e-02
-2.906701160635815490e-02
-2.909780657490918659e-02
-2.912860154346021829e-02
-2.915939651201124999e-02
-2.919326626707655428e-02
-2.922713602214566456e-02
-2.926100577721477483e-02
-2.929487553228388511e-02
-2.932874528735299538e-02
-2.936261504242210565e-02
-2.939648479749121593e-02
-2.943035455256032620e-02
-2.946422430762943301e-02
-2.949809406269854328e-02
-2.953196381776765356e-02
-2.956583357283676383e-02
-2.960959733826886223e-02
-2.965336110371332920e-02
-2.969712486915779270e-02
-2.974088863460225621e-02
-2.978465240004672318e-02
-2.982841616549119015e-02
-2.987217993093565019e-02
-2.991594369638011716e-02
-2.995970746182458413e-02
-3.000347122726904417e-02
-3.004723499271351114e-02
-3.009099875815797812e-02
-3.013509583769343261e-02
-3.017919291722929998e-02
-3.022328999676517081e-02
-3.026738707630104511e-02
-3.031148415583691247e-02
-3.035558123537278677e-02
-3.039967831490866107e-02
-3.044377539444452843e-02
-3.048787247398039926e-02
-3.053196955351627356e-02
-3.057606663305214093e-02
-3.062016371258801523e-02
-3.067282745169394934e-02
-3.072549119081078445e-02
-3.077815492992761262e-02
-3.083081866904443732e-02
-3.088348240816127244e-02
-3.093614614727809714e-02
-3.098880988639492531e-02
-3.104147362551175696e-02
-3.109413736462858513e-02
-3.114680110374541330e-02
-3.119946484286224495e-02
-3.125212858197907312e-02
-3.130326691049033910e-02
-3.135440523899964138e-02
-3.140554356750895060e-02
-3.145668189601825288e-02
-3.150782022452756209e-02
-3.155895855303687131e-02
-3.161009688154617359e-02
-3.166123521005548280e-02
-3.171237353856479202e-02
-3.176351186707409430e-02
-3.181465019558340351e-02
-3.186578852409270579e-02
-3.193150081616714236e-02
-3.199721310826043191e-02
-3.206292540035371452e-02
-3.212863769244700407e-02
-3.219434998454029362e-02
-3.226006227663357623e-02
-3.232577456872686578e-02
-3.239148686082015532e-02
-3.245719915291343793e-02
-3.252291144500672748e-02
-3.258862373710001009e-02
-3.265433602919329964e-02
-3.271578984469099977e-02
-3.277724366018314184e-02
-3.283869747567529085e-02
-3.290015129116742598e-02
-3.296160510665956805e-02
-3.302305892215171707e-02
-3.308451273764385914e-02
-3.314596655313600815e-02
-3.320742036862815022e-02
-3.326887418412028535e-02
-3.333032799961243436e-02
-3.339178181510457644e-02
-3.347313169735632171e-02
-3.355448157963422662e-02
-3.363583146191213846e-02
-3.371718134419004337e-02
-3.379853122646794827e-02
-3.387988110874585318e-02
-3.396123099102376502e-02
-3.404258087330166993e-02
-3.412393075557958178e-02
-3.420528063785748668e-02
-3.428663052013539159e-02
-3.436798040241329649e-02
-3.446501483497513285e-02
-3.456204926755777201e-02
-3.465908370014041118e-02
-3.475611813272304340e-02
-3.485315256530568256e-02
-3.495018699788832173e-02
-3.504722143047095395e-02
-3.514425586305359311e-02
-3.524129029563623228e-02
-3.533832472821886450e-02
-3.543535916080150366e-02
-3.553239359338414283e-02
-3.563434817186281883e-02
-3.573630275034807291e-02
-3.583825732883332699e-02
-3.594021190731858106e-02
-3.604216648580382820e-02
-3.614412106428908228e-02
-3.624607564277433636e-02
-3.634803022125959043e-02
-3.644998479974484451e-02
-3.655193937823009859e-02
-3.665389395671535266e-02
-3.675584853520060674e-02
-3.687665618982195748e-02
-3.699746384446871844e-02
-3.711827149911548634e-02
-3.723907915376224731e-02
-3.735988680840900827e-02
-3.748069446305576924e-02
-3.760150211770253020e-02
-3.772230977234929811e-02
-3.784311742699605907e-02
-3.796392508164282004e-02
-3.808473273628958100e-02
-3.820554039093634197e-02
-3.833377437251606762e-02
-3.846200835410587549e-02
-3.859024233569568335e-02
-3.871847631728549816e-02
-3.884671029887530602e-02
-3.897494428046512083e-02
-3.910317826205492869e-02
-3.923141224364473656e-02
-3.935964622523455136e-02
-3.948788020682435923e-02
-3.961611418841416710e-02
-3.974434817000397496e-02
-3.987849428942837754e-02
-4.001264040886087781e-02
-4.014678652829337113e-02
-4.028093264772586446e-02
-4.041507876715836473e-02
-4.054922488659085805e-02
-4.068337100602335138e-02
-4.081751712545585165e-02
-4.095166324488834497e-02
-4.108580936432083830e-02
-4.121995548375333857e-02
-4.135410160318583189e-02
-4.150043702333639645e-02
-4.164677244350379476e-02
-4.179310786367117919e-02
-4.193944328383857056e-02
-4.208577870400596888e-02
-4.223211412417336025e-02
-4.237844954434075162e-02
-4.252478496450814993e-02
-4.267112038467554130e-02
-4.281745580484293268e-02
-4.296379122501033099e-02
-4.311012664517772236e-02
-4.326612964542141809e-02
-4.342213264567856140e-02
-4.357813564593570471e-02
-4.373413864619284802e-02
-4.389014164644999133e-02
-4.404614464670713464e-02
-4.420214764696427795e-02
-4.435815064722142126e-02
-4.451415364747856457e-02
-4.467015664773570788e-02
-4.482615964799285119e-02
-4.498216264824999450e-02
-4.513839279658928699e-02
-4.529462294492890562e-02
-4.545085309326851036e-02
-4.560708324160812205e-02
-4.576331338994773373e-02
-4.591954353828734542e-02
-4.607577368662695710e-02
-4.623200383496657573e-02
-4.638823398330618741e-02
-4.654446413164579216e-02
-4.670069427998540385e-02
-4.685692442832501553e-02
-4.702835198165244979e-02
-4.719977953500135992e-02
-4.737120708835026311e-02
-4.754263464169918019e-02
-4.771406219504808338e-02
-4.788548974839700045e-02
-4.805691730174591059e-02
-4.822834485509481378e-02
-4.839977240844373085e-02
-4.857119996179263405e-02
-4.874262751514155112e-02
-4.891405506849045431e-02
-4.907513796750356122e-02
-4.923622086650192992e-02
-4.939730376550029167e-02
-4.955838666449866731e-02
-4.971946956349703600e-02
-4.988055246249539776e-02
-5.004163536149377339e-02
-5.020271826049213515e-02
-5.036380115949051078e-02
-5.052488405848887948e-02
-5.068596695748724124e-02
-5.084704985648562381e-02
-5.099262934185501417e-02
-5.113820882720215150e-02
-5.128378831254929576e-02
-5.142936779789644003e-02
-5.157494728324358430e-02
-5.172052676859072856e-02
-5.186610625393787283e-02
-5.201168573928501015e-02
-5.215726522463215442e-02
-5.230284470997929869e-02
-5.244842419532644989e-02
-5.259400368067359416e-02
-5.274240518169878017e-02
-5.289080668272805319e-02
-5.303920818375731927e-02
-5.318760968478659229e-02
-5.333601118581586531e-02
-5.348441268684513833e-02
-5.363281418787441135e-02
-5.378121568890368437e-02
-5.392961718993295739e-02
-5.407801869096223041e-02
-5.422642019199150343e-02
-5.437482169302077645e-02
-5.452552439739771079e-02
-5.467622710177798967e-02
-5.482692980615827549e-02
-5.497763251053855438e-02
-5.512833521491883326e-02
-5.527903791929911909e-02
-5.542974062367939797e-02
-5.558044332805968379e-02
-5.573114603243996268e-02
-5.588184873682024850e-02
-5.603255144120051351e-02
-5.618325414558079933e-02
-5.632838557187013623e-02
-5.647351699815127829e-02
-5.661864842443242729e-02
-5.676377985071358323e-02
-5.690891127699472529e-02
-5.705404270327588123e-02
-5.719917412955702329e-02
-5.734430555583817229e-02
-5.748943698211932823e-02
-5.763456840840047030e-02
-5.777969983468162624e-02
-5.792483126096276830e-02
-5.807230530831774401e-02
-5.821977935567618223e-02
-5.836725340303461351e-02
-5.851472745039304479e-02
-5.866220149775147608e-02
-5.880967554510991430e-02
-5.895714959246835252e-02
-5.910462363982678380e-02
-5.925209768718522202e-02
-5.939957173454366024e-02
-5.954704578190209152e-02
-5.969451982926052974e-02
-5.984473681018692703e-02
-5.999495379111741133e-02
-6.014517077204789564e-02
-6.029538775297838687e-02
-6.044560473390886424e-02
-6.059582171483935548e-02
-6.074603869576984672e-02
-6.089625567670032408e-02
-6.104647265763081532e-02
-6.119668963856130656e-02
-6.134690661949178392e-02
-6.149712360042227516e-02
-6.164957843688473327e-02
-6.180203327335053592e-02
-6.195448810981635246e-02
-6.210694294628215512e-02
-6.225939778274797165e-02
-6.241185261921377431e-02
-6.256430745567959084e-02
-6.271676229214538656e-02
-6.286921712861121003e-02
-6.302167196507700575e-02
-6.317412680154282922e-02
-6.332658163800862494e-02
-6.347341418316596040e-02
-6.362024672831478878e-02
-6.376707927346361715e-02
-6.391391181861244553e-02
-6.406074436376127390e-02
-6.420757690891010228e-02
-6.435440945405893065e-02
-6.450124199920775903e-02
-6.464807454435658740e-02
-6.479490708950541578e-02
-6.494173963465424415e-02
-6.508857217980307253e-02
-6.523106302931909461e-02
-6.537355387882851088e-02
-6.551604472833792714e-02
-6.565853557784732952e-02
-6.580102642735674578e-02
-6.594351727686616205e-02
-6.608600812637557831e-02
-6.622849897588499457e-02
-6.637098982539439695e-02
-6.651348067490381322e-02
-6.665597152441322948e-02
-6.679846237392264574e-02
-6.693015067453608746e-02
-6.706183897513297298e-02
-6.719352727572985851e-02
-6.732521557632673015e-02
-6.745690387692361567e-02
-6.758859217752050119e-02
-6.772028047811738671e-02
-6.785196877871425836e-02
-6.798365707931114388e-02
-6.811534537990802940e-02
-6.824703368050490104e-02
-6.837872198110180044e-02
-6.851609185814637459e-02
-6.865346173519970563e-02
-6.879083161225306442e-02
-6.892820148930642321e-02
-6.906557136635976812e-02
-6.920294124341311304e-02
-6.934031112046645795e-02
-6.947768099751981674e-02
-6.961505087457316165e-02
-6.975242075162650657e-02
-6.988979062867985148e-02
-7.002716050573321027e-02
-7.013921070352721610e-02
-7.025126090128182288e-02
-7.036331109903645742e-02
-7.047536129679107808e-02
-7.058741149454571262e-02
-7.069946169230031940e-02
-7.081151189005495394e-02
-7.092356208780957461e-02
-7.103561228556420915e-02
-7.114766248331881593e-02
-7.125971268107345047e-02
-7.137176287882807113e-02
-7.147888917698136391e-02
-7.158601547512695451e-02
-7.169314177327253124e-02
-7.180026807141812184e-02
-7.190739436956369857e-02
-7.201452066770928917e-02
-7.212164696585487977e-02
-7.222877326400045650e-02
-7.233589956214604710e-02
-7.244302586029163771e-02
-7.255015215843721443e-02
-7.265727845658280504e-02
-7.276722549562039677e-02
-7.287717253466245715e-02
-7.298711957370448977e-02
-7.309706661274655015e-02
-7.320701365178859665e-02
-7.331696069083064315e-02
-7.342690772987268966e-02
-7.353685476891475004e-02
-7.364680180795678266e-02
-7.375674884699884304e-02
-7.386669588604088954e-02
-7.397664292508293604e-02
-7.408967851417853911e-02
-7.420271410327904105e-02
-7.431574969237954298e-02
-7.442878528148005879e-02
-7.454182087058056072e-02
-7.465485645968107653e-02
-7.476789204878157846e-02
-7.488092763788208039e-02
-7.499396322698258233e-02
-7.510699881608308426e-02
-7.522003440518358619e-02
-7.533306999428410200e-02
-7.544858535172410674e-02
-7.556410070916808053e-02
-7.567961606661204044e-02
-7.579513142405601422e-02
-7.591064678149998801e-02
-7.602616213894396180e-02
-7.614167749638793559e-02
-7.625719285383190937e-02
-7.637270821127586928e-02
-7.648822356871984307e-02
-7.660373892616381686e-02
-7.671925428360779065e-02
-7.683595109892397967e-02
-7.695264791424206996e-02
-7.706934472956016025e-02
-7.718604154487826441e-02
-7.730273836019635469e-02
-7.741943517551444498e-02
-7.753613199083253527e-02
-7.765282880615062555e-02
-7.776952562146871584e-02
-7.788622243678680612e-02
-7.800291925210491029e-02
-7.811961606742300057e-02
-7.824558022886639319e-02
-7.837154439032478770e-02
-7.849750855178320996e-02
-7.862347271324160447e-02
-7.874943687470002673e-02
-7.887540103615842124e-02
-7.900136519761684351e-02
-7.912732935907523801e-02
-7.925329352053366028e-02
-7.937925768199205478e-02
-7.950522184345047705e-02
-7.963118600490887156e-02
-7.975703079111176597e-02
-7.988287557731445221e-02
-8.000872036351713845e-02
-8.013456514971983857e-02
-8.026040993592253869e-02
-8.038625472212522494e-02
-8.051209950832792506e-02
-8.063794429453061130e-02
-8.076378908073329754e-02
-8.088963386693599766e-02
-8.101547865313868391e-02
-8.114132343934138403e-02
-8.125884824076970436e-02
-8.137637304218436896e-02
-8.149389784359903355e-02
-8.161142264501368426e-02
-8.172894744642833498e-02
-8.184647224784299957e-02
-8.196399704925765028e-02
-8.208152185067231488e-02
-8.219904665208697947e-02
-8.231657145350164406e-02
-8.243409625491629478e-02
-8.255162105633095937e-02
-8.268587129571132455e-02
-8.282012153511936203e-02
-8.295437177452738564e-02
-8.308862201393540925e-02
-8.322287225334344674e-02
-8.335712249275148422e-02
-8.349137273215950783e-02
-8.362562297156754532e-02
-8.375987321097556892e-02
-8.389412345038359253e-02
-8.402837368979163002e-02
-8.416262392919965363e-02
-8.429433702820048058e-02
-8.442605012719710256e-02
-8.455776322619369678e-02
-8.468947632519030488e-02
-8.482118942418691299e-02
-8.495290252318352109e-02
-8.508461562218011531e-02
-8.521632872117673729e-02
-8.534804182017333152e-02
-8.547975491916993962e-02
-8.561146801816654772e-02
-8.574318111716315582e-02
-8.588788937225518005e-02
-8.603259762736899241e-02
-8.617730588248277701e-02
-8.632201413759658937e-02
-8.646672239271037397e-02
-8.661143064782418632e-02
-8.675613890293798480e-02
-8.690084715805178328e-02
-8.704555541316558176e-02
-8.719026366827938024e-02
-8.733497192339317872e-02
-8.747968017850697720e-02
-8.762803114942453730e-02
-8.777638212034823140e-02
-8.792473309127195324e-02
-8.807308406219564734e-02
-8.822143503311934143e-02
-8.836978600404304940e-02
-8.851813697496674349e-02
-8.866648794589045146e-02
-8.881483891681415943e-02
-8.896318988773785352e-02
-8.911154085866154761e-02
-8.925989182958525558e-02
-8.941035731215303539e-02
-8.956082279472439567e-02
-8.971128827729575594e-02
-8.986175375986711622e-02
-9.001221924243847650e-02
-9.016268472500983677e-02
-9.031315020758119705e-02
-9.046361569015255732e-02
-9.061408117272393148e-02
-9.076454665529527788e-02
-9.091501213786663815e-02
-9.106547762043801231e-02
-9.121849925946896864e-02
-9.137152089850429648e-02
-9.152454253753962432e-02
-9.167756417657495216e-02
-9.183058581561028000e-02
-9.198360745464560784e-02
-9.213662909368092180e-02
-9.228965073271624964e-02
-9.244267237175159135e-02
-9.259569401078691919e-02
-9.274871564982223315e-02
-9.290173728885756099e-02
-9.306348540058465013e-02
-9.322523351232674116e-02
-9.338698162406884606e-02
-9.354872973581093709e-02
-9.371047784755302812e-02
-9.387222595929511915e-02
-9.403397407103722405e-02
-9.419572218277931508e-02
-9.435747029452140611e-02
-9.451921840626349713e-02
-9.468096651800560204e-02
-9.484271462974769307e-02
-9.498983120526763302e-02
-9.513694778076225989e-02
-9.528406435625690063e-02
-9.543118093175152750e-02
-9.557829750724616824e-02
-9.572541408274080899e-02
-9.587253065823543585e-02
-9.601964723373007660e-02
-9.616676380922470346e-02
-9.631388038471933033e-02
-9.646099696021397107e-02
-9.660811353570859794e-02
-9.676618899137510998e-02
-9.692426444706067623e-02
-9.708233990274625635e-02
-9.724041535843182260e-02
-9.739849081411741660e-02
-9.755656626980298285e-02
-9.771464172548856297e-02
-9.787271718117412922e-02
-9.803079263685972322e-02
-9.818886809254530335e-02
-9.834694354823086959e-02
-9.850501900391644972e-02
-9.865603618709904710e-02
-9.880705337026929325e-02
-9.895807055343953940e-02
-9.910908773660977167e-02
-9.926010491978003170e-02
-9.941112210295027785e-02
-9.956213928612051012e-02
-9.971315646929075627e-02
-9.986417365246100242e-02
-1.000151908356312486e-01
-1.001662080188014808e-01
-1.003172252019717270e-01
-1.004856545704032877e-01
-1.006540839388655739e-01
-1.008225133073278323e-01
-1.009909426757900908e-01
-1.011593720442523492e-01
-1.013278014127146076e-01
-1.014962307811768660e-01
-1.016646601496391245e-01
-1.018330895181013829e-01
-1.020015188865636413e-01
-1.021699482550258997e-01
-1.023383776234881720e-01
-1.025179376993738262e-01
-1.026974977752792145e-01
-1.028770578511846306e-01
-1.030566179270900190e-01
-1.032361780029954074e-01
-1.034157380789007957e-01
-1.035952981548062118e-01
-1.037748582307116002e-01
-1.039544183066169886e-01
-1.041339783825223769e-01
-1.043135384584277653e-01
-1.044930985343331814e-01
-1.046765719747656670e-01
-1.048600454152051470e-01
-1.050435188556446131e-01
-1.052269922960840792e-01
-1.054104657365235592e-01
-1.055939391769630253e-01
-1.057774126174025053e-01
-1.059608860578419715e-01
-1.061443594982814514e-01
-1.063278329387209176e-01
-1.065113063791603837e-01
-1.066947798195998637e-01
-1.068860974306451439e-01
-1.070774150417044962e-01
-1.072687326527638485e-01
-1.074600502638232008e-01
-1.076513678748825531e-01
-1.078426854859419054e-01
-1.080340030970012577e-01
-1.082253207080606100e-01
-1.084166383191199623e-01
-1.086079559301793146e-01
-1.087992735412386669e-01
-1.089905911522980192e-01
-1.092055485503906909e-01
-1.094205059485260367e-01
-1.096354633466613965e-01
-1.098504207447967562e-01
-1.100653781429321298e-01
-1.102803355410674896e-01
-1.104952929392028355e-01
-1.107102503373381952e-01
-1.109252077354735688e-01
-1.111401651336089286e-01
-1.113551225317442744e-01
-1.115700799298796342e-01
-1.117850373280147996e-01
-1.119999947261499651e-01
-1.122149521242851583e-01
-1.124299095224203238e-01
-1.126448669205554892e-01
-1.128598243186906547e-01
-1.130747817168258201e-01
-1.132897391149609717e-01
-1.135046965130961649e-01
-1.137196539112313304e-01
-1.139346113093664958e-01
-1.141495687075016613e-01
-1.143645261056368267e-01
-1.145794835037720200e-01
-1.147944409019071854e-01
-1.150093983000423370e-01
-1.152243556981775024e-01
