-2.700629379634433662e-03
-2.692740570420921326e-03
-2.684851761207408989e-03
-2.676962951993896653e-03
-2.669074142780384316e-03
-2.661185333566871980e-03
-2.653296524353359644e-03
-2.646351865520367962e-03
-2.639407206687381918e-03
-2.632462547854395440e-03
-2.625517889021409396e-03
-2.618573230188423352e-03
-2.611628571355436874e-03
-2.604683912522450830e-03
-2.597739253689464352e-03
-2.590794594856478308e-03
-2.583849936023492264e-03
-2.576905277190505786e-03
-2.569960618357519308e-03
-2.560392854212396874e-03
-2.550825090067231071e-03
-2.541257325922065703e-03
-2.531689561776899900e-03
-2.522121797631734098e-03
-2.512554033486568729e-03
-2.502986269341402926e-03
-2.493418505196237124e-03
-2.483850741051071755e-03
-2.474282976905905953e-03
-2.464715212760740150e-03
-2.455147448615574782e-03
-2.446767676764462045e-03
-2.438387904913381834e-03
-2.430008133062301623e-03
-2.421628361211221412e-03
-2.413248589360141201e-03
-2.404868817509060990e-03
-2.396489045657981213e-03
-2.388109273806900568e-03
-2.379729501955820791e-03
-2.371349730104740580e-03
-2.362969958253659936e-03
-2.354590186402580158e-03
-2.350511063272088096e-03
-2.346431940141759966e-03
-2.342352817011432269e-03
-2.338273693881104138e-03
-2.334194570750776007e-03
-2.330115447620448310e-03
-2.326036324490120179e-03
-2.321957201359792482e-03
-2.317878078229464785e-03
-2.313798955099136655e-03
-2.309719831968808958e-03
-2.305640708838480827e-03
-2.301694900471614336e-03
-2.297749092104754351e-03
-2.293803283737893932e-03
-2.289857475371033946e-03
-2.285911667004173961e-03
-2.281965858637313976e-03
-2.278020050270453990e-03
-2.274074241903594005e-03
-2.270128433536734019e-03
-2.266182625169873600e-03
-2.262236816803013615e-03
-2.258291008436153630e-03
-2.254452790386042745e-03
-2.250614572335938798e-03
-2.246776354285834852e-03
-2.242938136235730472e-03
-2.239099918185626526e-03
-2.235261700135522146e-03
-2.231423482085418200e-03
-2.227585264035313820e-03
-2.223747045985209874e-03
-2.219908827935105494e-03
-2.216070609885001114e-03
-2.212232391834897168e-03
-2.208481594281785226e-03
-2.204730796728679356e-03
-2.200979999175573486e-03
-2.197229201622467615e-03
-2.193478404069362179e-03
-2.189727606516256309e-03
-2.185976808963150872e-03
-2.182226011410045002e-03
-2.178475213856939131e-03
-2.174724416303833261e-03
-2.170973618750727391e-03
-2.167222821197621521e-03
-2.159807261816102351e-03
-2.152391702434283075e-03
-2.144976143052463365e-03
-2.137560583670644089e-03
-2.130145024288824813e-03
-2.122729464907005537e-03
-2.115313905525185827e-03
-2.107898346143366550e-03
-2.100482786761547274e-03
-2.093067227379727564e-03
-2.085651667997908288e-03
-2.078236108616088578e-03
-2.074914769333262212e-03
-2.071593430050815750e-03
-2.068272090768368855e-03
-2.064950751485922394e-03
-2.061629412203475498e-03
-2.058308072921028603e-03
-2.054986733638582141e-03
-2.051665394356135680e-03
-2.048344055073688785e-03
-2.045022715791241889e-03
-2.041701376508795428e-03
-2.038380037226348532e-03
-2.038396347776669920e-03
-2.038412658327336952e-03
-2.038428968878003983e-03
-2.038445279428671014e-03
-2.038461589979338479e-03
-2.038477900530005511e-03
-2.038494211080672542e-03
-2.038510521631339573e-03
-2.038526832182006605e-03
-2.038543142732674070e-03
-2.038559453283341535e-03
-2.038575763834008566e-03
-2.037970267387057000e-03
-2.037364770940034309e-03
-2.036759274493011619e-03
-2.036153778045989363e-03
-2.035548281598966672e-03
-2.034942785151944416e-03
-2.034337288704921726e-03
-2.033731792257899035e-03
-2.033126295810876345e-03
-2.032520799363853655e-03
-2.031915302916831399e-03
-2.031309806469808708e-03
-2.030219665925171984e-03
-2.029129525380474110e-03
-2.028039384835776237e-03
-2.026949244291078363e-03
-2.025859103746380924e-03
-2.024768963201683050e-03
-2.023678822656985177e-03
-2.022588682112287737e-03
-2.021498541567589863e-03
-2.020408401022892424e-03
-2.019318260478194117e-03
-2.018228119933496677e-03
-2.016760800433354400e-03
-2.015293480933160949e-03
-2.013826161432967065e-03
-2.012358841932773614e-03
-2.010891522432580163e-03
-2.009424202932386279e-03
-2.007956883432192828e-03
-2.006489563931998944e-03
-2.005022244431805493e-03
-2.003554924931611608e-03
-2.002087605431418157e-03
-2.000620285931224273e-03
-1.995493888002535313e-03
-1.990367490073306853e-03
-1.985241092144078394e-03
-1.980114694214850368e-03
-1.974988296285621909e-03
-1.969861898356393450e-03
-1.964735500427164990e-03
-1.959609102497936531e-03
-1.954482704568708071e-03
-1.949356306639479829e-03
-1.944229908710251370e-03
-1.939103510781022910e-03
-1.934352729528716376e-03
-1.929601948276469039e-03
-1.924851167024221703e-03
-1.920100385771974800e-03
-1.915349604519727246e-03
-1.910598823267480343e-03
-1.905848042015233007e-03
-1.901097260762985670e-03
-1.896346479510738550e-03
-1.891595698258491214e-03
-1.886844917006244094e-03
-1.882094135753996757e-03
-1.877270468213676708e-03
-1.872446800673344515e-03
-1.867623133133011889e-03
-1.862799465592679697e-03
-1.857975798052347288e-03
-1.853152130512015095e-03
-1.848328462971682686e-03
-1.843504795431350493e-03
-1.838681127891017867e-03
-1.833857460350685675e-03
-1.829033792810353266e-03
-1.824210125270021073e-03
-1.816322724546914642e-03
-1.808435323823256785e-03
-1.800547923099598928e-03
-1.792660522375940637e-03
-1.784773121652282780e-03
-1.776885720928624707e-03
-1.768998320204966850e-03
-1.761110919481308993e-03
-1.753223518757650919e-03
-1.745336118033993062e-03
-1.737448717310335206e-03
-1.729561316586677132e-03
-1.722516571030936836e-03
-1.715471825475357219e-03
-1.708427079919777819e-03
-1.701382334364198202e-03
-1.694337588808618802e-03
-1.687292843253039186e-03
-1.680248097697459786e-03
-1.673203352141880169e-03
-1.666158606586300769e-03
-1.659113861030721152e-03
-1.652069115475141752e-03
-1.645024369919562135e-03
-1.635277413556134518e-03
-1.625530457192161547e-03
-1.615783500828188576e-03
-1.606036544464215605e-03
-1.596289588100242634e-03
-1.586542631736269663e-03
-1.576795675372296476e-03
-1.567048719008323505e-03
-1.557301762644350534e-03
-1.547554806280377563e-03
-1.537807849916404592e-03
-1.528060893552431621e-03
-1.516074271435448404e-03
-1.504087649317988789e-03
-1.492101027200528956e-03
-1.480114405083069341e-03
-1.468127782965609942e-03
-1.456141160848150110e-03
-1.444154538730690277e-03
-1.432167916613230662e-03
-1.420181294495770829e-03
-1.408194672378311214e-03
-1.396208050260851815e-03
-1.384221428143391983e-03
-1.373724179215155949e-03
-1.363226930287252982e-03
-1.352729681359350448e-03
-1.342232432431447482e-03
-1.331735183503544731e-03
-1.321237934575641981e-03
-1.310740685647739231e-03
-1.300243436719836481e-03
-1.289746187791933514e-03
-1.279248938864030764e-03
-1.268751689936128014e-03
-1.258254441008225264e-03
-1.248928825022047051e-03
-1.239603209036144009e-03
-1.230277593050240750e-03
-1.220951977064337708e-03
-1.211626361078434449e-03
-1.202300745092531407e-03
-1.192975129106628365e-03
-1.183649513120725106e-03
-1.174323897134821847e-03
-1.164998281148918804e-03
-1.155672665163015762e-03
-1.146347049177112503e-03
-1.130841617496596875e-03
-1.115336185814563797e-03
-1.099830754132530503e-03
-1.084325322450497208e-03
-1.068819890768464131e-03
-1.053314459086430836e-03
-1.037809027404397759e-03
-1.022303595722364464e-03
-1.006798164040331386e-03
-9.912927323582980919e-04
-9.757873006762649059e-04
-9.602818689942317198e-04
-9.467755312957712270e-04
-9.332691935978234534e-04
-9.197628558998757883e-04
-9.062565182019279063e-04
-8.927501805039802412e-04
-8.792438428060323592e-04
-8.657375051080846940e-04
-8.522311674101368121e-04
-8.387248297121891469e-04
-8.252184920142413734e-04
-8.117121543162935998e-04
-7.982058166183459346e-04
-7.829054678744253731e-04
-7.676051191300250522e-04
-7.523047703856246228e-04
-7.370044216412245186e-04
-7.217040728968240892e-04
-7.064037241524237683e-04
-6.911033754080235557e-04
-6.758030266636232348e-04
-6.605026779192229138e-04
-6.452023291748225928e-04
-6.299019804304223803e-04
-6.146016316860219509e-04
-5.977752971616099231e-04
-5.809489626367733217e-04
-5.641226281119366120e-04
-5.472962935870999022e-04
-5.304699590622631925e-04
-5.136436245374264827e-04
-4.968172900125897729e-04
-4.799909554877530632e-04
-4.631646209629162992e-04
-4.463382864380796436e-04
-4.295119519132429339e-04
-4.126856173884061699e-04
-4.012760033224822072e-04
-3.898663892581248082e-04
-3.784567751937673009e-04
-3.670471611294099019e-04
-3.556375470650525029e-04
-3.442279330006950498e-04
-3.328183189363376508e-04
-3.214087048719802518e-04
-3.099990908076227986e-04
-2.985894767432653997e-04
-2.871798626789080007e-04
-2.757702486145505475e-04
-2.616350712082352427e-04
-2.474998938011019616e-04
-2.333647163939685991e-04
-2.192295389868352908e-04
-2.050943615797019555e-04
-1.909591841725686472e-04
-1.768240067654353390e-04
-1.626888293583020036e-04
-1.485536519511686682e-04
-1.344184745440353600e-04
-1.202832971369020246e-04
-1.061481197297687164e-04
-9.347998981471925971e-05
-8.081185990012611665e-05
-6.814372998553297359e-05
-5.547560007093982375e-05
-4.280747015634668747e-05
-3.013934024175354441e-05
-1.747121032716040812e-05
-4.803080412567261676e-06
7.865049502025884772e-06
2.053317941661901089e-05
3.320130933121215734e-05
4.586943924580530040e-05
5.738139497055234277e-05
6.889335069492712432e-05
8.040530641930193297e-05
9.191726214367671453e-05
1.034292178680515096e-04
1.149411735924263047e-04
1.264531293168011134e-04
1.379650850411758814e-04
1.494770407655507036e-04
1.609889964899254716e-04
1.725009522143002667e-04
1.840129079386750347e-04
1.946123063847449532e-04
2.052117048305110783e-04
2.158111032762772034e-04
2.264105017220433285e-04
2.370099001678094264e-04
2.476092986135755244e-04
2.582086970593416766e-04
2.688080955051077746e-04
2.794074939508739267e-04
2.900068923966400247e-04
3.006062908424061769e-04
3.112056892881722749e-04
3.244495421230448977e-04
3.376933949588266240e-04
3.509372477946084046e-04
3.641811006303901851e-04
3.774249534661719115e-04
3.906688063019536378e-04
4.039126591377354726e-04
4.171565119735171990e-04
4.304003648092989253e-04
4.436442176450807059e-04
4.568880704808624322e-04
4.701319233166441586e-04
4.788350257458395885e-04
4.875381281734243819e-04
4.962412306010091211e-04
5.049443330285939687e-04
5.136474354561787080e-04
5.223505378837635556e-04
5.310536403113482948e-04
5.397567427389331424e-04
5.484598451665178816e-04
5.571629475941027292e-04
5.658660500216874684e-04
5.745691524492722076e-04
5.900498714370971129e-04
6.055305904273999623e-04
6.210113094177028116e-04
6.364920284080056610e-04
6.519727473983086188e-04
6.674534663886114681e-04
6.829341853789143175e-04
6.984149043692171668e-04
7.138956233595200162e-04
7.293763423498229740e-04
7.448570613401258233e-04
7.603377803304286727e-04
7.742858871514787886e-04
7.882339939719516754e-04
8.021821007924246705e-04
8.161302076128976657e-04
8.300783144333707692e-04
8.440264212538436559e-04
8.579745280743166511e-04
8.719226348947896462e-04
8.858707417152625330e-04
8.998188485357355281e-04
9.137669553562086317e-04
9.277150621766816268e-04
9.438207730380784822e-04
9.599264839003113659e-04
9.760321947625443580e-04
9.921379056247773501e-04
1.008243616487010125e-03
1.024349327349242901e-03
1.040455038211475893e-03
1.056560749073708885e-03
1.072666459935941660e-03
1.088772170798174435e-03
1.104877881660407428e-03
1.120983592522640420e-03
1.145630459343209215e-03
1.170277326167180236e-03
1.194924192991151475e-03
1.219571059815122713e-03
1.244217926639093951e-03
1.268864793463064973e-03
1.293511660287036211e-03
1.318158527111007450e-03
1.342805393934978688e-03
1.367452260758949927e-03
1.392099127582921165e-03
1.416745994406892186e-03
1.441722876370963961e-03
1.466699758335170828e-03
1.491676640299377694e-03
1.516653522263584561e-03
1.541630404227791427e-03
1.566607286191998294e-03
1.591584168156205160e-03
1.616561050120412027e-03
1.641537932084618893e-03
1.666514814048825760e-03
1.691491696013032626e-03
1.716468577977239493e-03
1.738824531999151038e-03
1.761180486019961033e-03
1.783536440040771028e-03
1.805892394061581023e-03
1.828248348082391018e-03
1.850604302103201230e-03
1.872960256124011225e-03
1.895316210144821220e-03
1.917672164165631216e-03
1.940028118186441644e-03
1.962384072207251640e-03
1.984740026228061418e-03
2.008041906733774341e-03
2.031343787239894491e-03
2.054645667746015075e-03
2.077947548252135658e-03
2.101249428758256241e-03
2.124551309264376391e-03
2.147853189770496975e-03
2.171155070276617558e-03
2.194456950782738142e-03
2.217758831288858291e-03
2.241060711794978875e-03
2.264362592301099458e-03
2.285155379108299960e-03
2.305948165914391973e-03
2.326740952720483986e-03
2.347533739526575566e-03
2.368326526332667145e-03
2.389119313138759158e-03
2.409912099944851172e-03
2.430704886750942751e-03
2.451497673557034331e-03
2.472290460363126344e-03
2.493083247169218357e-03
2.513876033975309936e-03
2.536058298169983818e-03
2.558240562365287404e-03
2.580422826560590556e-03
2.602605090755893708e-03
2.624787354951197294e-03
2.646969619146500880e-03
2.669151883341804032e-03
2.691334147537107185e-03
2.713516411732410771e-03
2.735698675927713489e-03
2.757880940123017075e-03
2.780063204318320661e-03
2.803449580577983651e-03
2.826835956838205221e-03
2.850222333098425924e-03
2.873608709358647928e-03
2.896995085618869498e-03
2.920381461879090201e-03
2.943767838139311772e-03
2.967154214399533342e-03
2.990540590659754912e-03
3.013926966919976049e-03
3.037313343180197620e-03
3.060699719440419190e-03
3.081778385892330972e-03
3.102857052343146842e-03
3.123935718793963579e-03
3.145014385244779016e-03
3.166093051695595753e-03
3.187171718146411190e-03
3.208250384597227927e-03
3.229329051048043797e-03
3.250407717498860101e-03
3.271486383949675971e-03
3.292565050400492275e-03
3.313643716851308145e-03
3.332902646101091465e-03
3.352161575349991377e-03
3.371420504598891289e-03
3.390679433847790768e-03
3.409938363096690680e-03
3.429197292345590592e-03
3.448456221594490070e-03
3.467715150843389982e-03
3.486974080092289895e-03
3.506233009341189373e-03
3.525491938590089285e-03
3.544750867838989197e-03
3.565938560265967568e-03
3.587126252693904373e-03
3.608313945121841178e-03
3.629501637549777549e-03
3.650689329977714354e-03
3.671877022405651159e-03
3.693064714833587531e-03
3.714252407261524336e-03
3.735440099689461141e-03
3.756627792117397512e-03
3.777815484545334317e-03
3.799003176973271122e-03
3.818450586305650006e-03
3.837897995637145482e-03
3.857345404968640958e-03
3.876792814300136867e-03
3.896240223631632343e-03
3.915687632963127385e-03
3.935135042294623728e-03
3.954582451626119204e-03
3.974029860957614679e-03
3.993477270289110155e-03
4.012924679620605631e-03
4.032372088952101107e-03
4.057176183131169962e-03
4.081980277313016110e-03
4.106784371494861391e-03
4.131588465676706672e-03
4.156392559858552820e-03
4.181196654040398968e-03
4.206000748222244248e-03
4.230804842404089529e-03
4.255608936585935677e-03
4.280413030767780957e-03
4.305217124949626238e-03
4.330021219131472386e-03
4.356266773221357733e-03
4.382512327312005490e-03
4.408757881402653248e-03
4.435003435493301005e-03
4.461248989583949630e-03
4.487494543674597387e-03
4.513740097765245145e-03
4.539985651855893770e-03
4.566231205946541527e-03
4.592476760037189285e-03
4.618722314127837042e-03
4.644967868218485667e-03
4.665367359966454339e-03
4.685766851711265814e-03
4.706166343456076422e-03
4.726565835200887897e-03
4.746965326945698505e-03
4.767364818690509980e-03
4.787764310435320587e-03
4.808163802180132930e-03
4.828563293924943538e-03
4.848962785669755013e-03
4.869362277414565621e-03
4.889761769159377096e-03
4.908807322932621890e-03
4.927852876705120753e-03
4.946898430477619617e-03
4.965943984250118480e-03
4.984989538022617343e-03
5.004035091795116207e-03
5.023080645567615070e-03
5.042126199340113933e-03
5.061171753112612796e-03
5.080217306885111660e-03
5.099262860657610523e-03
5.118308414430110254e-03
5.136280289250073558e-03
5.154252164069434046e-03
5.172224038888794534e-03
5.190195913708155022e-03
5.208167788527515510e-03
5.226139663346875998e-03
5.244111538166235618e-03
5.262083412985596974e-03
5.280055287804956594e-03
5.298027162624317082e-03
5.315999037443677570e-03
5.333970912263038058e-03
5.358191221924825734e-03
5.382411531590193879e-03
5.406631841255561156e-03
5.430852150920928434e-03
5.455072460586295711e-03
5.479292770251663856e-03
5.503513079917031134e-03
5.527733389582399279e-03
5.551953699247767424e-03
5.576174008913134701e-03
5.600394318578501979e-03
5.624614628243869256e-03
5.653613700438038341e-03
5.682612772634995993e-03
5.711611844831952778e-03
5.740610917028911298e-03
5.769609989225868950e-03
5.798609061422827470e-03
5.827608133619785122e-03
5.856607205816743641e-03
5.885606278013701294e-03
5.914605350210659813e-03
5.943604422407617466e-03
5.972603494604575985e-03
5.995486827789237722e-03
6.018370160970262610e-03
6.041253494151286631e-03
6.064136827332309784e-03
6.087020160513333805e-03
6.109903493694357826e-03
6.132786826875382714e-03
6.155670160056406735e-03
6.178553493237430756e-03
6.201436826418454777e-03
6.224320159599478798e-03
6.247203492780503686e-03
6.275622676215183472e-03
6.304041859653217346e-03
6.332461043091250352e-03
6.360880226529283359e-03
6.389299409967316365e-03
6.417718593405349371e-03
6.446137776843382378e-03
6.474556960281415384e-03
6.502976143719448390e-03
6.531395327157481397e-03
6.559814510595514403e-03
6.588233694033547409e-03
6.617505726576016455e-03
6.646777759119011988e-03
6.676049791662006655e-03
6.705321824205002189e-03
6.734593856747996855e-03
6.763865889290993257e-03
6.793137921833987056e-03
6.822409954376981722e-03
6.851681986919977256e-03
6.880954019462971923e-03
6.910226052005968324e-03
6.939498084548962123e-03
6.966183000606812267e-03
6.992867916663039578e-03
7.019552832719265154e-03
7.046237748775492464e-03
7.072922664831718907e-03
7.099607580887945350e-03
7.126292496944171793e-03
7.152977413000398237e-03
7.179662329056624680e-03
7.206347245112851990e-03
7.233032161169077566e-03
7.259717077225304876e-03
7.294827724904036359e-03
7.329938372588148086e-03
7.365049020272259814e-03
7.400159667956370674e-03
7.435270315640482401e-03
7.470380963324594129e-03
7.505491611008704989e-03
7.540602258692816716e-03
7.575712906376928443e-03
7.610823554061039303e-03
7.645934201745151031e-03
7.681044849429262758e-03
7.705932832877869509e-03
7.730820816319840076e-03
7.755708799761808908e-03
7.780596783203777740e-03
7.805484766645747439e-03
7.830372750087718006e-03
7.855260733529685971e-03
7.880148716971655670e-03
7.905036700413625370e-03
7.929924683855595069e-03
7.954812667297564768e-03
7.979700650739532733e-03
8.006407840376898385e-03
8.033115030015464467e-03
8.059822219654030548e-03
8.086529409292598364e-03
8.113236598931162710e-03
8.139943788569730526e-03
8.166650978208296607e-03
8.193358167846862689e-03
8.220065357485428770e-03
8.246772547123996586e-03
8.273479736762560932e-03
8.300186926401128748e-03
8.332165818031426335e-03
8.364144709665262759e-03
8.396123601299097447e-03
8.428102492932933870e-03
8.460081384566770293e-03
8.492060276200606717e-03
8.524039167834441405e-03
8.556018059468277828e-03
8.587996951102112517e-03
8.619975842735950675e-03
8.651954734369785363e-03
8.683933626003621786e-03
8.713189942394585635e-03
8.742446258783693330e-03
8.771702575172801025e-03
8.800958891561908720e-03
8.830215207951016415e-03
8.859471524340122375e-03
8.888727840729230070e-03
8.917984157118337765e-03
8.947240473507445460e-03
8.976496789896553155e-03
9.005753106285659115e-03
9.035009422674766810e-03
9.069217354913816295e-03
9.103425287156298798e-03
9.137633219398781301e-03
9.171841151641263803e-03
9.206049083883744572e-03
9.240257016126227074e-03
9.274464948368707842e-03
9.308672880611190345e-03
9.342880812853671113e-03
9.377088745096153616e-03
9.411296677338636119e-03
9.445504609581118621e-03
9.483470380537926611e-03
9.521436151497381789e-03
9.559401922456835232e-03
9.597367693416290410e-03
9.635333464375743853e-03
9.673299235335199031e-03
9.711265006294654209e-03
9.749230777254107652e-03
9.787196548213562830e-03
9.825162319173016273e-03
9.863128090132471451e-03
9.901093861091924894e-03
9.942607724835135496e-03
9.984121588580880530e-03
1.002563545232662730e-02
1.006714931607237233e-02
1.010866317981811736e-02
1.015017704356386413e-02
1.019169090730960917e-02
1.023320477105535420e-02
1.027471863480110097e-02
1.031623249854684600e-02
1.035774636229259103e-02
1.039926022603833780e-02
1.043669797861859067e-02
1.047413573119588756e-02
1.051157348377318272e-02
1.054901123635047788e-02
1.058644898892777478e-02
1.062388674150506994e-02
1.066132449408236683e-02
1.069876224665966200e-02
1.073619999923695716e-02
1.077363775181425405e-02
1.081107550439154921e-02
1.084851325696884437e-02
1.088610271307360183e-02
1.092369216917847378e-02
1.096128162528334400e-02
1.099887108138821422e-02
1.103646053749308444e-02
1.107404999359795465e-02
1.111163944970282487e-02
1.114922890580769682e-02
1.118681836191256530e-02
1.122440781801743725e-02
1.126199727412230574e-02
1.129958673022717769e-02
1.134113691436128800e-02
1.138268709849836295e-02
1.142423728263543443e-02
1.146578746677250592e-02
1.150733765090958087e-02
1.154888783504665235e-02
1.159043801918372557e-02
1.163198820332079879e-02
1.167353838745787201e-02
1.171508857159494349e-02
1.175663875573201844e-02
1.179818893986908993e-02
1.183935105073215428e-02
1.188051316159492547e-02
1.192167527245769493e-02
1.196283738332046438e-02
1.200399949418323384e-02
1.204516160504600503e-02
1.208632371590877448e-02
1.212748582677154394e-02
1.216864793763431513e-02
1.220981004849708458e-02
1.225097215935985404e-02
1.229213427022262523e-02
1.233346660220896625e-02
1.237479893419543911e-02
1.241613126618191197e-02
1.245746359816838483e-02
1.249879593015485769e-02
1.254012826214133056e-02
1.258146059412780342e-02
1.262279292611427628e-02
1.266412525810074914e-02
1.270545759008722200e-02
1.274678992207369486e-02
1.278812225406016599e-02
1.282596904640020442e-02
1.286381583873752281e-02
1.290166263107484119e-02
1.293950942341215785e-02
1.297735621574947623e-02
1.301520300808679635e-02
1.305304980042411474e-02
1.309089659276143139e-02
1.312874338509874977e-02
1.316659017743606643e-02
1.320443696977338481e-02
1.324228376211070320e-02
1.327737661224151489e-02
1.331246946237014603e-02
1.334756231249877891e-02
1.338265516262741178e-02
1.341774801275604292e-02
1.345284086288467580e-02
1.348793371301330868e-02
1.352302656314193982e-02
1.355811941327057270e-02
1.359321226339920557e-02
1.362830511352783672e-02
1.366339796365647133e-02
1.369967631480448200e-02
1.373595466595344157e-02
1.377223301710240461e-02
1.380851136825136591e-02
1.384478971940032721e-02
1.388106807054929025e-02
1.391734642169825155e-02
1.395362477284721459e-02
1.398990312399617589e-02
1.402618147514513545e-02
1.406245982629410023e-02
1.409873817744305979e-02
1.413305291668080950e-02
1.416736765591696152e-02
1.420168239515311528e-02
1.423599713438926731e-02
1.427031187362541934e-02
1.430462661286157136e-02
1.433894135209772339e-02
1.437325609133387541e-02
1.440757083057002744e-02
1.444188556980618293e-02
1.447620030904233496e-02
1.451051504827848698e-02
1.454291171102224320e-02
1.457530837376441908e-02
1.460770503650659323e-02
1.464010169924876911e-02
1.467249836199094673e-02
1.470489502473312261e-02
1.473729168747529676e-02
1.476968835021747438e-02
1.480208501295965026e-02
1.483448167570182441e-02
1.486687833844400029e-02
1.489927500118617791e-02
1.493351182116214697e-02
1.496774864113965126e-02
1.500198546111715728e-02
1.503622228109466503e-02
1.507045910107216932e-02
1.510469592104967534e-02
1.513893274102718137e-02
1.517316956100468739e-02
1.520740638098219341e-02
1.524164320095969943e-02
1.527588002093720372e-02
1.531011684091471148e-02
1.534589854134619027e-02
1.538168024177897705e-02
1.541746194221176383e-02
1.545324364264454887e-02
1.548902534307733565e-02
1.552480704351012243e-02
1.556058874394290747e-02
1.559637044437569425e-02
1.563215214480848103e-02
1.566793384524126781e-02
1.570371554567405459e-02
1.573949724610683790e-02
1.578032839362066703e-02
1.582115954113881909e-02
1.586199068865697115e-02
1.590282183617512668e-02
1.594365298369327874e-02
1.598448413121143080e-02
1.602531527872958286e-02
1.606614642624773492e-02
1.610697757376588699e-02
1.614780872128403905e-02
1.618863986880219458e-02
1.622947101632034664e-02
1.626403207045077487e-02
1.629859312457576301e-02
1.633315417870074768e-02
1.636771523282573582e-02
1.640227628695072049e-02
1.643683734107571209e-02
1.647139839520069676e-02
1.650595944932568490e-02
1.654052050345066957e-02
1.657508155757565771e-02
1.660964261170064585e-02
1.664420366582563399e-02
1.668416957552316948e-02
1.672413548522545812e-02
1.676410139492774676e-02
1.680406730463003193e-02
1.684403321433232056e-02
1.688399912403460920e-02
1.692396503373689437e-02
1.696393094343918301e-02
1.700389685314147165e-02
1.704386276284376028e-02
1.708382867254604545e-02
1.712379458224833409e-02
1.716450069214958685e-02
1.720520680205150227e-02
1.724591291195341422e-02
1.728661902185532964e-02
1.732732513175724506e-02
1.736803124165915702e-02
1.740873735156106897e-02
1.744944346146298439e-02
1.749014957136489981e-02
1.753085568126681176e-02
1.757156179116872718e-02
1.761226790107063914e-02
1.765365475701352604e-02
1.769504161295702704e-02
1.773642846890052804e-02
1.777781532484402904e-02
1.781920218078753004e-02
1.786058903673103104e-02
1.790197589267453204e-02
1.794336274861802957e-02
1.798474960456153057e-02
1.802613646050503157e-02
1.806752331644853257e-02
1.810891017239203357e-02
1.815466713252261374e-02
1.820042409265717684e-02
1.824618105279173993e-02
1.829193801292630303e-02
1.833769497306086613e-02
1.838345193319542922e-02
1.842920889332999232e-02
1.847496585346455542e-02
1.852072281359911851e-02
1.856647977373368161e-02
1.861223673386824470e-02
1.865799369400280780e-02
1.870367821232051669e-02
1.874936273063815620e-02
1.879504724895579570e-02
1.884073176727343521e-02
1.888641628559107818e-02
1.893210080390871769e-02
1.897778532222635720e-02
1.902346984054399670e-02
1.906915435886163621e-02
1.911483887717927918e-02
1.916052339549691869e-02
1.920620791381455819e-02
1.924520239167343966e-02
1.928419686952608306e-02
1.932319134737871952e-02
1.936218582523135945e-02
1.940118030308399938e-02
1.944017478093663931e-02
1.947916925878927924e-02
1.951816373664191570e-02
1.955715821449455910e-02
1.959615269234719556e-02
1.963514717019983549e-02
1.967414164805247542e-02
1.971484319892668688e-02
1.975554474980251163e-02
1.979624630067833638e-02
1.983694785155416113e-02
1.987764940242998241e-02
1.991835095330580716e-02
1.995905250418162843e-02
1.999975405505745665e-02
2.004045560593327793e-02
2.008115715680910268e-02
2.012185870768492743e-02
2.016256025856074871e-02
2.020770822282678611e-02
2.025285618709706664e-02
2.029800415136735064e-02
2.034315211563763465e-02
2.038830007990791518e-02
2.043344804417819918e-02
2.047859600844848318e-02
2.052374397271876372e-02
2.056889193698904772e-02
2.061403990125932825e-02
2.065918786552961225e-02
2.070433582979989279e-02
2.074646022639382165e-02
2.078858462298482923e-02
2.083070901957583335e-02
2.087283341616684440e-02
2.091495781275785198e-02
2.095708220934885957e-02
2.099920660593986368e-02
2.104133100253087127e-02
2.108345539912187885e-02
2.112557979571288644e-02
2.116770419230389402e-02
2.120982858889490161e-02
2.125665811036623817e-02
2.130348763184216829e-02
2.135031715331810534e-02
2.139714667479403545e-02
2.144397619626996904e-02
2.149080571774590262e-02
2.153763523922183620e-02
2.158446476069776632e-02
2.163129428217369990e-02
2.167812380364963348e-02
2.172495332512556707e-02
2.177178284660149718e-02
2.181206818197265612e-02
2.185235351733734455e-02
2.189263885270203991e-02
2.193292418806673527e-02
2.197320952343143063e-02
2.201349485879611906e-02
2.205378019416081442e-02
2.209406552952550978e-02
2.213435086489020515e-02
2.217463620025489357e-02
2.221492153561958893e-02
2.225520687098428430e-02
2.230030774603062108e-02
2.234540862108175957e-02
2.239050949613290153e-02
2.243561037118404697e-02
2.248071124623518893e-02
2.252581212128633090e-02
2.257091299633747633e-02
2.261601387138861483e-02
2.266111474643975679e-02
2.270621562149090222e-02
2.275131649654204419e-02
2.279641737159318962e-02
2.283915301836951517e-02
2.288188866514345721e-02
2.292462431191740271e-02
2.296735995869134475e-02
2.301009560546528332e-02
2.305283125223922536e-02
2.309556689901317086e-02
2.313830254578710943e-02
2.318103819256105147e-02
2.322377383933499698e-02
2.326650948610893901e-02
2.330924513288287758e-02
2.334974171500742157e-02
2.339023829712967573e-02
2.343073487925192641e-02
2.347123146137418057e-02
2.351172804349643819e-02
2.355222462561869234e-02
2.359272120774094650e-02
2.363321778986320065e-02
2.367371437198545828e-02
2.371421095410770896e-02
2.375470753622996312e-02
2.379520411835221727e-02
2.383391697864370440e-02
2.387262983893334925e-02
2.391134269922299757e-02
2.395005555951263895e-02
2.398876841980228727e-02
2.402748128009193559e-02
2.406619414038157698e-02
2.410490700067122530e-02
2.414361986096087362e-02
2.418233272125051847e-02
2.422104558154016332e-02
2.425975844182980817e-02
2.429404866862202098e-02
2.432833889540962635e-02
2.436262912219722826e-02
2.439691934898483364e-02
2.443120957577243554e-02
2.446549980256004092e-02
2.449979002934764630e-02
2.453408025613524474e-02
2.456837048292285011e-02
2.460266070971045549e-02
2.463695093649805393e-02
2.467124116328565930e-02
2.470828680950434147e-02
2.474533245572592410e-02
2.478237810194750673e-02
2.481942374816909283e-02
2.485646939439067199e-02
2.489351504061225809e-02
2.493056068683383725e-02
2.496760633305542335e-02
2.500465197927700597e-02
2.504169762549858860e-02
2.507874327172017123e-02
2.511578891794175386e-02
2.514835888931503047e-02
2.518092886068354352e-02
2.521349883205206005e-02
2.524606880342057311e-02
2.527863877478908269e-02
2.531120874615759575e-02
2.534377871752611228e-02
2.537634868889462533e-02
2.540891866026314186e-02
2.544148863163165492e-02
2.547405860300017144e-02
2.550662857436868103e-02
2.554263927725812511e-02
2.557864998015126762e-02
2.561466068304441360e-02
2.565067138593755264e-02
2.568668208883069862e-02
2.572269279172384113e-02
2.575870349461698364e-02
2.579471419751012615e-02
2.583072490040327213e-02
2.586673560329641464e-02
2.590274630618955715e-02
2.593875700908269966e-02
2.597383893592857332e-02
2.600892086277344084e-02
2.604400278961830836e-02
2.607908471646317242e-02
2.611416664330803647e-02
2.614924857015290052e-02
2.618433049699777151e-02
2.621941242384263557e-02
2.625449435068749962e-02
2.628957627753236367e-02
2.632465820437723467e-02
2.635974013122209872e-02
2.639780200266724983e-02
2.643586387411566568e-02
2.647392574556409195e-02
2.651198761701251128e-02
2.655004948846092713e-02
2.658811135990934646e-02
2.662617323135776579e-02
2.666423510280618511e-02
2.670229697425460444e-02
2.674035884570302724e-02
2.677842071715144656e-02
2.681648258859986589e-02
2.685325428182593066e-02
2.689002597505056255e-02
2.692679766827519444e-02
2.696356936149982980e-02
2.700034105472446169e-02
2.703711274794910052e-02
2.707388444117373241e-02
2.711065613439836430e-02
2.714742782762299966e-02
2.718419952084763155e-02
2.722097121407227038e-02
2.725774290729690227e-02
2.729721101870795363e-02
2.733667913012202688e-02
2.737614724153609666e-02
2.741561535295016644e-02
2.745508346436423622e-02
2.749455157577830600e-02
2.753401968719237924e-02
2.757348779860644902e-02
2.761295591002051880e-02
2.765242402143458858e-02
2.769189213284865836e-02
2.773136024426272814e-02
2.776968594353033948e-02
2.780801164279665671e-02
2.784633734206297742e-02
2.788466304132929813e-02
2.792298874059561883e-02
2.796131443986193260e-02
2.799964013912825331e-02
2.803796583839457401e-02
2.807629153766089472e-02
2.811461723692721543e-02
2.815294293619352919e-02
2.819126863545984990e-02
2.822831340948542614e-02
2.826535818350953480e-02
2.830240295753364693e-02
2.833944773155775906e-02
2.837649250558186773e-02
2.841353727960597986e-02
2.845058205363009199e-02
2.848762682765420065e-02
2.852467160167831278e-02
2.856171637570242838e-02
2.859876114972654051e-02
2.863580592375064918e-02
2.867555408920991616e-02
2.871530225467229525e-02
2.875505042013467433e-02
2.879479858559705688e-02
2.883454675105943596e-02
2.887429491652181504e-02
2.891404308198419412e-02
2.895379124744657320e-02
2.899353941290895229e-02
2.903328757837133484e-02
2.907303574383371392e-02
2.911278390929609300e-02
2.915476094526163811e-02
2.919673798122977837e-02
2.923871501719790822e-02
2.928069205316604848e-02
2.932266908913418527e-02
2.936464612510232206e-02
2.940662316107045884e-02
2.944860019703859563e-02
2.949057723300673242e-02
2.953255426897487268e-02
2.957453130494300947e-02
2.961650834091114626e-02
2.965697587351295850e-02
2.969744340611299438e-02
2.973791093871303373e-02
2.977837847131307655e-02
2.981884600391311244e-02
2.985931353651315179e-02
2.989978106911319461e-02
2.994024860171323396e-02
2.998071613431327331e-02
3.002118366691331267e-02
3.006165119951335549e-02
3.010211873211339137e-02
3.015148551949190653e-02
3.020085230688096187e-02
3.025021909427001374e-02
3.029958588165906908e-02
3.034895266904812441e-02
3.039831945643717975e-02
3.044768624382623162e-02
3.049705303121528696e-02
3.054641981860434230e-02
3.059578660599339070e-02
3.064515339338244604e-02
3.069452018077150138e-02
3.073775727218175380e-02
3.078099436358467875e-02
3.082423145498760370e-02
3.086746854639053211e-02
3.091070563779345706e-02
3.095394272919638895e-02
3.099717982059931390e-02
3.104041691200223885e-02
3.108365400340516380e-02
3.112689109480808874e-02
3.117012818621102063e-02
3.121336527761394558e-02
3.125801769528075563e-02
3.130267011294927265e-02
3.134732253061778967e-02
3.139197494828630669e-02
3.143662736595482371e-02
3.148127978362334073e-02
3.152593220129185775e-02
3.157058461896037477e-02
3.161523703662889179e-02
3.165988945429740881e-02
3.170454187196592583e-02
3.174919428963444284e-02
3.179205485866282155e-02
3.183491542768901450e-02
3.187777599671521439e-02
3.192063656574140734e-02
3.196349713476760029e-02
3.200635770379379325e-02
3.204921827281999314e-02
3.209207884184618609e-02
3.213493941087237904e-02
3.217779997989857199e-02
3.222066054892477188e-02
3.226352111795096483e-02
3.230832627817738223e-02
3.235313143840618660e-02
3.239793659863499098e-02
3.244274175886379535e-02
3.248754691909259973e-02
3.253235207932140410e-02
3.257715723955020848e-02
3.262196239977901285e-02
3.266676756000781723e-02
3.271157272023662160e-02
3.275637788046542598e-02
3.280118304069423035e-02
3.284762041536417460e-02
3.289405779003614499e-02
3.294049516470810846e-02
3.298693253938008579e-02
3.303336991405204925e-02
3.307980728872401965e-02
3.312624466339599005e-02
3.317268203806796045e-02
3.321911941273992391e-02
3.326555678741189431e-02
3.331199416208386471e-02
3.335843153675582817e-02
3.340962200018527534e-02
3.346081246362065525e-02
3.351200292705604211e-02
3.356319339049142203e-02
3.361438385392680889e-02
3.366557431736218881e-02
3.371676478079756872e-02
3.376795524423295558e-02
3.381914570766834244e-02
3.387033617110372236e-02
3.392152663453910227e-02
3.397271709797448913e-02
3.402449931970624036e-02
3.407628154143873406e-02
3.412806376317122775e-02
3.417984598490372145e-02
3.423162820663621514e-02
3.428341042836871577e-02
3.433519265010120947e-02
3.438697487183370316e-02
3.443875709356619685e-02
3.449053931529869055e-02
3.454232153703119118e-02
3.459410375876367794e-02
3.465019264949183858e-02
3.470628154022546707e-02
3.476237043095910251e-02
3.481845932169273100e-02
3.487454821242636643e-02
3.493063710315999493e-02
3.498672599389363036e-02
3.504281488462725885e-02
3.509890377536088735e-02
3.515499266609452278e-02
3.521108155682815127e-02
3.526717044756178671e-02
3.532314345707943115e-02
3.537911646659692988e-02
3.543508947611443555e-02
3.549106248563193428e-02
3.554703549514943994e-02
3.560300850466693867e-02
3.565898151418443740e-02
3.571495452370194307e-02
3.577092753321944180e-02
3.582690054273694746e-02
3.588287355225444619e-02
3.593884656177194492e-02
3.600193638189624207e-02
3.606502620202974713e-02
3.612811602216325219e-02
3.619120584229675724e-02
3.625429566243025536e-02
3.631738548256375348e-02
3.638047530269725854e-02
3.644356512283076360e-02
3.650665494296426172e-02
3.656974476309776678e-02
3.663283458323126490e-02
3.669592440336476996e-02
3.675785861264050519e-02
3.681979282191474162e-02
3.688172703118896417e-02
3.694366124046319366e-02
3.700559544973742315e-02
3.706752965901165264e-02
3.712946386828588213e-02
3.719139807756011162e-02
3.725333228683434805e-02
3.731526649610857754e-02
3.737720070538280703e-02
3.743913491465703652e-02
3.751073534882289756e-02
3.758233578300147065e-02
3.765393621718004374e-02
3.772553665135861684e-02
3.779713708553719687e-02
3.786873751971576996e-02
3.794033795389434305e-02
3.801193838807292308e-02
3.808353882225148923e-02
3.815513925643006926e-02
3.822673969060864235e-02
3.829834012478721544e-02
3.837800896469474587e-02
3.845767780461297608e-02
3.853734664453120629e-02
3.861701548444943649e-02
3.869668432436765976e-02
3.877635316428588996e-02
3.885602200420412017e-02
3.893569084412235037e-02
3.901535968404058058e-02
3.909502852395880385e-02
3.917469736387703405e-02
3.925436620379527120e-02
3.933748329731033555e-02
3.942060039083001427e-02
3.950371748434969993e-02
3.958683457786937865e-02
3.966995167138905737e-02
3.975306876490874303e-02
3.983618585842842175e-02
3.991930295194810741e-02
4.000242004546778612e-02
4.008553713898747178e-02
4.016865423250715050e-02
4.025177132602683616e-02
4.034468681152279107e-02
4.043760229703195069e-02
4.053051778254111726e-02
4.062343326805027688e-02
4.071634875355944344e-02
4.080926423906860306e-02
4.090217972457776963e-02
4.099509521008692925e-02
4.108801069559609581e-02
4.118092618110525543e-02
4.127384166661442200e-02
4.136675715212358162e-02
4.146459877487170681e-02
4.156244039762652109e-02
4.166028202038134232e-02
4.175812364313616354e-02
4.185596526589098476e-02
4.195380688864579904e-02
4.205164851140062027e-02
4.214949013415544149e-02
4.224733175691025577e-02
4.234517337966507700e-02
4.244301500241989128e-02
4.254085662517471250e-02
4.264304428511726114e-02
4.274523194506576335e-02
4.284741960501426555e-02
4.294960726496276082e-02
4.305179492491126303e-02
4.315398258485976524e-02
4.325617024480826744e-02
4.335835790475676965e-02
4.346054556470527186e-02
4.356273322465377407e-02
4.366492088460226934e-02
4.376710854455077154e-02
4.387655176107340543e-02
4.398599497760605909e-02
4.409543819413871968e-02
4.420488141067137333e-02
4.431432462720403392e-02
4.442376784373668064e-02
4.453321106026933429e-02
4.464265427680199488e-02
4.475209749333464854e-02
4.486154070986730219e-02
4.497098392639996278e-02
4.508042714293260950e-02
4.519616350001597060e-02
4.531189985710808166e-02
4.542763621420019271e-02
4.554337257129231070e-02
4.565910892838442176e-02
4.577484528547653975e-02
4.589058164256864386e-02
4.600631799966075491e-02
4.612205435675287291e-02
4.623779071384498396e-02
4.635352707093710195e-02
4.646926342802921300e-02
4.658717017809281546e-02
4.670507692815947104e-02
4.682298367822611967e-02
4.694089042829277525e-02
4.705879717835941695e-02
4.717670392842607252e-02
4.729461067849271422e-02
4.741251742855936979e-02
4.753042417862602537e-02
4.764833092869267400e-02
4.776623767875932264e-02
4.788414442882597127e-02
4.801096098604211437e-02
4.813777754327085157e-02
4.826459410049958182e-02
4.839141065772832595e-02
4.851822721495705620e-02
4.864504377218579340e-02
4.877186032941453753e-02
4.889867688664326778e-02
4.902549344387200497e-02
4.915231000110073523e-02
4.927912655832947936e-02
4.940594311555820961e-02
4.953036958804504092e-02
4.965479606052846523e-02
4.977922253301188260e-02
4.990364900549531385e-02
5.002807547797873816e-02
5.015250195046216941e-02
5.027692842294558678e-02
5.040135489542901803e-02
5.052578136791244234e-02
5.065020784039587359e-02
5.077463431287929096e-02
5.089906078536270834e-02
5.101859442383251120e-02
5.113812806229527802e-02
5.125766170075803790e-02
5.137719533922080473e-02
5.149672897768357155e-02
5.161626261614633837e-02
5.173579625460910519e-02
5.185532989307187896e-02
5.197486353153464578e-02
5.209439716999740566e-02
5.221393080846017248e-02
5.233346444692293931e-02
5.245611512096248763e-02
5.257876579500655317e-02
5.270141646905061178e-02
5.282406714309466345e-02
5.294671781713872899e-02
5.306936849118278066e-02
5.319201916522683926e-02
5.331466983927090481e-02
5.343732051331495647e-02
5.355997118735901508e-02
5.368262186140308062e-02
5.380527253544713229e-02
5.393083519849163621e-02
5.405639786154037979e-02
5.418196052458912337e-02
5.430752318763787390e-02
5.443308585068661054e-02
5.455864851373536106e-02
5.468421117678410465e-02
5.480977383983284823e-02
5.493533650288159181e-02
5.506089916593033540e-02
5.518646182897908592e-02
5.531202449202782256e-02
5.543697042167142208e-02
5.556191635131411954e-02
5.568686228095681007e-02
5.581180821059950753e-02
5.593675414024219805e-02
5.606170006988490245e-02
5.618664599952758604e-02
5.631159192917029044e-02
5.643653785881298096e-02
5.656148378845567842e-02
5.668642971809836895e-02
5.681137564774106641e-02
5.693917392525151694e-02
5.706697220276617938e-02
5.719477048028084182e-02
5.732256875779550426e-02
5.745036703531017364e-02
5.757816531282483608e-02
5.770596359033949851e-02
5.783376186785416789e-02
5.796156014536883033e-02
5.808935842288349277e-02
5.821715670039815521e-02
5.834495497791283153e-02
5.847580893359972942e-02
5.860666288929116535e-02
5.873751684498261516e-02
5.886837080067406497e-02
5.899922475636551478e-02
5.913007871205695071e-02
5.926093266774840052e-02
5.939178662343985032e-02
5.952264057913130013e-02
5.965349453482273606e-02
5.978434849051418587e-02
5.991520244620563568e-02
6.004891310089308792e-02
6.018262375558482841e-02
6.031633441027656195e-02
6.045004506496830243e-02
6.058375571966004292e-02
6.071746637435177646e-02
6.085117702904351694e-02
6.098488768373525049e-02
6.111859833842699097e-02
6.125230899311873839e-02
6.138601964781046499e-02
6.151973030250221242e-02
6.165277371809624318e-02
6.178581713368927475e-02
6.191886054928229938e-02
6.205190396487533094e-02
6.218494738046835557e-02
6.231799079606138020e-02
6.245103421165441177e-02
6.258407762724743639e-02
6.271712104284046796e-02
6.285016445843349953e-02
6.298320787402651721e-02
6.311625128961954878e-02
6.324910450203374834e-02
6.338195771444768423e-02
6.351481092686159236e-02
6.364766413927551436e-02
6.378051735168943637e-02
6.391337056410335837e-02
6.404622377651728038e-02
6.417907698893120239e-02
6.431193020134512439e-02
6.444478341375903252e-02
6.457763662617295453e-02
6.471048983858687653e-02
6.484015915265760321e-02
6.496982846672347267e-02
6.509949778078931437e-02
6.522916709485518383e-02
6.535883640892103941e-02
6.548850572298688111e-02
6.561817503705275056e-02
6.574784435111859227e-02
6.587751366518446172e-02
6.600718297925030342e-02
6.613685229331615900e-02
6.626652160738201458e-02
6.640026199657543537e-02
6.653400238577517056e-02
6.666774277497487800e-02
6.680148316417459931e-02
6.693522355337432062e-02
6.706896394257402805e-02
6.720270433177374936e-02
6.733644472097347067e-02
6.747018511017317810e-02
6.760392549937289941e-02
6.773766588857260684e-02
6.787140627777232815e-02
6.799531329026844984e-02
6.811922030274926432e-02
6.824312731523007880e-02
6.836703432771089328e-02
6.849094134019172164e-02
6.861484835267253612e-02
6.873875536515335061e-02
6.886266237763416509e-02
6.898656939011499345e-02
6.911047640259580793e-02
6.923438341507663629e-02
6.935829042755745077e-02
6.948116014096172854e-02
6.960402985436439649e-02
6.972689956776705056e-02
6.984976928116970463e-02
6.997263899457235869e-02
7.009550870797502664e-02
7.021837842137768071e-02
7.034124813478033478e-02
7.046411784818300272e-02
7.058698756158565679e-02
7.070985727498831086e-02
7.083272698839096493e-02
7.095796740672913328e-02
7.108320782507104862e-02
7.120844824341296397e-02
7.133368866175486545e-02
7.145892908009678079e-02
7.158416949843868227e-02
7.170940991678059762e-02
7.183465033512251297e-02
7.195989075346441444e-02
7.208513117180632979e-02
7.221037159014823126e-02
7.233561200849014661e-02
7.246337923920859181e-02
7.259114646993106157e-02
7.271891370065353133e-02
7.284668093137600109e-02
7.297444816209845697e-02
7.310221539282092673e-02
7.322998262354338261e-02
7.335774985426585237e-02
7.348551708498832213e-02
7.361328431571077802e-02
7.374105154643324778e-02
7.386881877715571754e-02
7.399887747137122440e-02
7.412893616559040888e-02
7.425899485980959336e-02
7.438905355402877784e-02
7.451911224824794844e-02
7.464917094246714679e-02
7.477922963668633127e-02
7.490928833090550187e-02
7.503934702512468635e-02
7.516940571934387083e-02
7.529946441356305531e-02
7.542952310778223979e-02
7.556131728335407916e-02
7.569311145892870796e-02
7.582490563450336452e-02
7.595669981007799332e-02
7.608849398565263600e-02
7.622028816122726480e-02
7.635208233680190748e-02
7.648387651237655016e-02
7.661567068795117896e-02
7.674746486352582164e-02
7.687925903910045045e-02
7.701105321467509313e-02
7.714823871442667846e-02
7.728542421418702069e-02
7.742260971394733515e-02
7.755979521370766350e-02
7.769698071346799184e-02
7.783416621322832019e-02
7.797135171298863465e-02
7.810853721274896300e-02
7.824572271250929134e-02
7.838290821226961969e-02
7.852009371202994803e-02
7.865727921179026250e-02
7.879575668550471701e-02
7.893423415922126707e-02
7.907271163293783101e-02
7.921118910665438106e-02
7.934966658037093112e-02
7.948814405408749506e-02
7.962662152780404512e-02
7.976509900152060906e-02
7.990357647523715912e-02
8.004205394895370917e-02
8.018053142267027311e-02
8.031900889638682317e-02
8.045506825475963464e-02
8.059112761312847706e-02
8.072718697149733336e-02
8.086324632986617578e-02
8.099930568823501820e-02
8.113536504660386062e-02
8.127142440497270304e-02
8.140748376334155934e-02
8.154354312171038788e-02
8.167960248007924418e-02
8.181566183844808660e-02
8.195172119681692902e-02
8.209651923459022893e-02
8.224131727237797562e-02
8.238611531016572231e-02
8.253091334795346901e-02
8.267571138574121570e-02
8.282050942352894851e-02
8.296530746131669520e-02
8.311010549910444190e-02
8.325490353689218859e-02
8.339970157467993528e-02
8.354449961246768197e-02
8.368929765025541478e-02
8.383439629295556805e-02
8.397949493565620704e-02
8.412459357835685991e-02
8.426969222105749890e-02
8.441479086375815177e-02
8.455988950645879076e-02
8.470498814915944363e-02
8.485008679186008262e-02
8.499518543456072162e-02
8.514028407726136061e-02
8.528538271996199960e-02
8.543048136266265247e-02
8.558283550727882605e-02
8.573518965190715657e-02
8.588754379653547322e-02
8.603989794116380374e-02
8.619225208579212039e-02
8.634460623042045091e-02
8.649696037504876756e-02
8.664931451967709808e-02
8.680166866430541472e-02
8.695402280893373137e-02
8.710637695356206189e-02
8.725873109819039242e-02
8.741431294697216137e-02
8.756989479575937041e-02
8.772547664454659333e-02
8.788105849333380237e-02
8.803664034212102529e-02
8.819222219090823434e-02
8.834780403969545726e-02
8.850338588848266630e-02
8.865896773726986146e-02
8.881454958605709826e-02
8.897013143484429343e-02
8.912571328363153023e-02
8.928387804949965145e-02
8.944204281537218582e-02
8.960020758124470630e-02
8.975837234711724066e-02
8.991653711298974727e-02
9.007470187886226776e-02
9.023286664473480212e-02
9.039103141060732260e-02
9.054919617647985697e-02
9.070736094235236358e-02
9.086552570822488406e-02
9.102369047409741842e-02
9.118465784567532373e-02
9.134562521725804463e-02
9.150659258884076552e-02
9.166755996042345866e-02
9.182852733200617956e-02
9.198949470358890046e-02
9.215046207517159360e-02
9.231142944675431450e-02
9.247239681833702152e-02
9.263336418991972854e-02
9.279433156150243556e-02
9.295529893308515645e-02
9.312187874832844603e-02
9.328845856358136679e-02
9.345503837883431530e-02
9.362161819408724994e-02
9.378819800934018458e-02
9.395477782459311922e-02
9.412135763984606773e-02
9.428793745509900237e-02
9.445451727035193701e-02
9.462109708560488552e-02
9.478767690085782016e-02
9.495425671611074092e-02
9.511603712480083683e-02
9.527781753348263383e-02
9.543959794216441694e-02
9.560137835084620006e-02
9.576315875952799705e-02
9.592493916820978017e-02
9.608671957689156329e-02
9.624849998557337416e-02
9.641028039425514340e-02
9.657206080293695427e-02
9.673384121161873739e-02
9.689562162030052050e-02
9.706390448599548637e-02
9.723218735170179039e-02
9.740047021740809441e-02
9.756875308311437067e-02
9.773703594882067469e-02
9.790531881452697871e-02
9.807360168023326885e-02
9.824188454593955899e-02
9.841016741164584913e-02
9.857845027735215315e-02
9.874673314305845717e-02
9.891501600876473344e-02
9.908183334882955662e-02
9.924865068889179853e-02
9.941546802895405432e-02
9.958228536901629624e-02
9.974910270907855203e-02
9.991592004914079395e-02
1.000827373892030497e-01
1.002495547292652778e-01
1.004163720693275197e-01
1.005831894093897755e-01
1.007500067494520174e-01
1.009168240895142732e-01
1.010930900056272175e-01
1.012693559217568012e-01
1.014456218378863989e-01
1.016218877540159965e-01
1.017981536701455664e-01
1.019744195862751640e-01
1.021506855024047616e-01
1.023269514185343454e-01
1.025032173346639430e-01
1.026794832507935407e-01
1.028557491669231383e-01
1.030320150830527220e-01
1.032151532888412465e-01
1.033982914946419557e-01
1.035814297004426648e-01
1.037645679062433601e-01
1.039477061120440832e-01
1.041308443178447785e-01
1.043139825236454737e-01
1.044971207294461968e-01
1.046802589352468921e-01
1.048633971410476012e-01
1.050465353468482965e-01
1.052296735526490196e-01
1.054165870066118699e-01
1.056035004605814648e-01
1.057904139145510736e-01
1.059773273685206685e-01
1.061642408224902773e-01
1.063511542764598722e-01
1.065380677304294532e-01
1.067249811843990481e-01
1.069118946383686569e-01
1.070988080923382518e-01
1.072857215463078606e-01
1.074726350002774555e-01
1.076651418189495529e-01
1.078576486376316840e-01
1.080501554563138011e-01
1.082426622749959461e-01
1.084351690936780771e-01
1.086276759123602081e-01
1.088201827310423392e-01
1.090126895497244841e-01
1.092051963684066013e-01
1.093977031870887462e-01
1.095902100057708772e-01
1.097827168244529944e-01
1.099880461131939047e-01
1.101933754019579770e-01
1.103987046907220354e-01
1.106040339794861216e-01
1.108093632682501800e-01
1.110146925570142523e-01
1.112200218457783107e-01
1.114253511345423830e-01
1.116306804233064415e-01
1.118360097120705138e-01
1.120413390008345722e-01
1.122466682895986445e-01
1.124519975783625364e-01
1.126573268671264422e-01
1.128626561558903202e-01
1.130679854446541982e-01
1.132733147334181040e-01
1.134786440221819959e-01
1.136839733109458739e-01
1.138893025997097797e-01
1.140946318884736577e-01
1.142999611772375496e-01
1.145052904660014415e-01
1.147106197547653333e-01
1.149159490435292114e-01
1.151212783322931033e-01
1.153266076210569951e-01
1.155319369098208870e-01
1.157372661985847651e-01
