-3.752758637857411816e-02
-3.756519588191132436e-02
-3.760280538524853750e-02
-3.764041488858574369e-02
-3.767802439192295683e-02
-3.771563389526016302e-02
-3.775324339859737616e-02
-3.783191310413885206e-02
-3.791058280968055694e-02
-3.798925251522226182e-02
-3.806792222076396670e-02
-3.814659192630566464e-02
-3.822526163184736953e-02
-3.830393133738907441e-02
-3.838260104293077929e-02
-3.846127074847248417e-02
-3.853994045401418905e-02
-3.861861015955588700e-02
-3.869727986509759188e-02
-3.888064292010562362e-02
-3.906400597511537620e-02
-3.924736903012512185e-02
-3.943073208513486749e-02
-3.961409514014461314e-02
-3.979745819515435878e-02
-3.998082125016411137e-02
-4.016418430517385701e-02
-4.034754736018360266e-02
-4.053091041519334831e-02
-4.071427347020310089e-02
-4.089763652521283960e-02
-4.101868249979180592e-02
-4.113972847436907915e-02
-4.126077444894633850e-02
-4.138182042352359785e-02
-4.150286639810086414e-02
-4.162391237267812349e-02
-4.174495834725539672e-02
-4.186600432183265608e-02
-4.198705029640992237e-02
-4.210809627098718172e-02
-4.222914224556445495e-02
-4.235018822014171430e-02
-4.247056598392421473e-02
-4.259094374770668739e-02
-4.271132151148916006e-02
-4.283169927527163967e-02
-4.295207703905410540e-02
-4.307245480283658501e-02
-4.319283256661905074e-02
-4.331321033040153035e-02
-4.343358809418400301e-02
-4.355396585796648262e-02
-4.367434362174894835e-02
-4.379472138553142796e-02
-4.372166601927265916e-02
-4.364861065300439102e-02
-4.357555528673611595e-02
-4.350249992046785474e-02
-4.342944455419958660e-02
-4.335638918793131846e-02
-4.328333382166304338e-02
-4.321027845539478218e-02
-4.313722308912651404e-02
-4.306416772285824590e-02
-4.299111235658997082e-02
-4.291805699032170962e-02
-4.059420723635023820e-02
-3.827035748224366651e-02
-3.594650772813708789e-02
-3.362265797403051620e-02
-3.129880821992393758e-02
-2.897495846581735895e-02
-2.665110871171078727e-02
-2.432725895760420864e-02
-2.200340920349763349e-02
-1.967955944939105833e-02
-1.735570969528448318e-02
-1.503185994117790802e-02
-1.195018971959971137e-02
-8.868519497967759097e-03
-5.786849276335804225e-03
-2.705179054703850654e-03
3.764911669281054097e-04
3.458161388560059089e-03
6.539831610192012659e-03
9.621501831823966663e-03
1.270317205345592067e-02
1.578484227508787988e-02
1.886651249671983388e-02
2.194818271835178788e-02
2.246760699317586554e-02
2.298703126779021166e-02
2.350645554240455778e-02
2.402587981701890738e-02
2.454530409163325697e-02
2.506472836624760309e-02
2.558415264086195268e-02
2.610357691547629880e-02
2.662300119009064492e-02
2.714242546470499451e-02
2.766184973931934410e-02
2.818127401393369022e-02
2.748286099826625223e-02
2.678444798248583517e-02
2.608603496670542504e-02
2.538762195092500798e-02
2.468920893514459439e-02
2.399079591936417732e-02
2.329238290358376026e-02
2.259396988780335014e-02
2.189555687202293655e-02
2.119714385624251948e-02
2.049873084046210242e-02
1.980031782468168883e-02
1.879536030024115886e-02
1.779040277576884529e-02
1.678544525129653520e-02
1.578048772682422163e-02
1.477553020235190806e-02
1.377057267787959449e-02
1.276561515340728092e-02
1.176065762893496736e-02
1.075570010446265726e-02
9.750742579990343689e-03
8.745785055518030121e-03
7.740827531045716553e-03
6.807783981892279700e-03
5.874740432747082783e-03
4.941696883601886733e-03
4.008653334456689817e-03
3.075609785311492900e-03
2.142566236166296417e-03
1.209522687021099283e-03
2.764791378759020408e-04
-6.565644112692940087e-04
-1.589607960414491251e-03
-2.522651509559688168e-03
-3.455695058704884217e-03
-3.464436262054620182e-03
-3.473177465288345648e-03
-3.481918668522071113e-03
-3.490659871755797013e-03
-3.499401074989522478e-03
-3.508142278223248377e-03
-3.516883481456973843e-03
-3.525624684690699742e-03
-3.534365887924425208e-03
-3.543107091158151107e-03
-3.551848294391876572e-03
-3.560589497625602472e-03
-3.807644319354126696e-03
-4.054699141115163108e-03
-4.301753962876199086e-03
-4.548808784637235932e-03
-4.795863606398271042e-03
-5.042918428159307020e-03
-5.289973249920344733e-03
-5.537028071681380711e-03
-5.784082893442415822e-03
-6.031137715203453535e-03
-6.278192536964489513e-03
-6.525247358725525491e-03
-6.935697362166883505e-03
-7.346147365632314276e-03
-7.756597369097746782e-03
-8.167047372563178420e-03
-8.577497376028610926e-03
-8.987947379494041697e-03
-9.398397382959474203e-03
-9.808847386424906709e-03
-1.021929738989033921e-02
-1.062974739335576999e-02
-1.104019739682120249e-02
-1.145064740028663500e-02
-1.196570795369370638e-02
-1.248076850711733396e-02
-1.299582906054095981e-02
-1.351088961396458912e-02
-1.402595016738821670e-02
-1.454101072081184429e-02
-1.505607127423547187e-02
-1.557113182765910118e-02
-1.608619238108272703e-02
-1.660125293450635461e-02
-1.711631348792998220e-02
-1.763137404135360978e-02
-1.808428920408508209e-02
-1.853720436680604544e-02
-1.899011952952700533e-02
-1.944303469224796521e-02
-1.989594985496892510e-02
-2.034886501768988498e-02
-2.080178018041084834e-02
-2.125469534313180475e-02
-2.170761050585276464e-02
-2.216052566857372452e-02
-2.261344083129468788e-02
-2.306635599401564776e-02
-2.344660494565120601e-02
-2.382685389727368444e-02
-2.420710284889615593e-02
-2.458735180051863090e-02
-2.496760075214110933e-02
-2.534784970376358429e-02
-2.572809865538605578e-02
-2.610834760700853074e-02
-2.648859655863100918e-02
-2.686884551025348067e-02
-2.724909446187595563e-02
-2.762934341349843059e-02
-2.792860382203534581e-02
-2.822786423055679075e-02
-2.852712463907823570e-02
-2.882638504759968065e-02
-2.912564545612112560e-02
-2.942490586464257055e-02
-2.972416627316402243e-02
-3.002342668168546738e-02
-3.032268709020691233e-02
-3.062194749872835728e-02
-3.092120790724980223e-02
-3.122046831577124718e-02
-3.145626353752443982e-02
-3.169205875926482674e-02
-3.192785398100520672e-02
-3.216364920274558670e-02
-3.239944442448597361e-02
-3.263523964622635359e-02
-3.287103486796674051e-02
-3.310683008970712049e-02
-3.334262531144750047e-02
-3.357842053318788739e-02
-3.381421575492826737e-02
-3.405001097666864734e-02
-3.418782629973666359e-02
-3.432564162278381459e-02
-3.446345694583097252e-02
-3.460127226887813046e-02
-3.473908759192528839e-02
-3.487690291497244632e-02
-3.501471823801960426e-02
-3.515253356106676219e-02
-3.529034888411391319e-02
-3.542816420716107112e-02
-3.556597953020822905e-02
-3.570379485325538699e-02
-3.593353421872599873e-02
-3.616327358421717736e-02
-3.639301294970835599e-02
-3.662275231519954155e-02
-3.685249168069072018e-02
-3.708223104618189880e-02
-3.731197041167307743e-02
-3.754170977716425606e-02
-3.777144914265543468e-02
-3.800118850814662025e-02
-3.823092787363779887e-02
-3.846066723912897750e-02
-3.861808382063107448e-02
-3.877550040211620586e-02
-3.893291698360133724e-02
-3.909033356508646861e-02
-3.924775014657159999e-02
-3.940516672805673137e-02
-3.956258330954185581e-02
-3.971999989102698719e-02
-3.987741647251211857e-02
-4.003483305399724995e-02
-4.019224963548238133e-02
-4.034966621696751271e-02
-4.035383812325989139e-02
-4.035801002951463351e-02
-4.036218193576937563e-02
-4.036635384202412469e-02
-4.037052574827886681e-02
-4.037469765453360893e-02
-4.037886956078835798e-02
-4.038304146704310010e-02
-4.038721337329784222e-02
-4.039138527955258434e-02
-4.039555718580733340e-02
-4.039972909206207552e-02
-4.045228707625379144e-02
-4.050484506045791411e-02
-4.055740304466204371e-02
-4.060996102886617332e-02
-4.066251901307030292e-02
-4.071507699727441865e-02
-4.076763498147854825e-02
-4.082019296568267785e-02
-4.087275094988680746e-02
-4.092530893409093012e-02
-4.097786691829505973e-02
-4.103042490249918933e-02
-4.107280264038088574e-02
-4.111518037825986904e-02
-4.115755811613884541e-02
-4.119993585401781483e-02
-4.124231359189679813e-02
-4.128469132977577449e-02
-4.132706906765475086e-02
-4.136944680553373416e-02
-4.141182454341270358e-02
-4.145420228129167994e-02
-4.149658001917066324e-02
-4.153895775704963267e-02
-4.125975848213085662e-02
-4.098055920712258271e-02
-4.070135993211429493e-02
-4.042216065710601408e-02
-4.014296138209774018e-02
-3.986376210708946627e-02
-3.958456283208117849e-02
-3.930536355707290458e-02
-3.902616428206462373e-02
-3.874696500705634289e-02
-3.846776573204806898e-02
-3.818856645703978814e-02
-3.801821305319116190e-02
-3.784785964937401048e-02
-3.767750624555685907e-02
-3.750715284173970765e-02
-3.733679943792256317e-02
-3.716644603410541176e-02
-3.699609263028826034e-02
-3.682573922647110892e-02
-3.665538582265395751e-02
-3.648503241883681303e-02
-3.631467901501966161e-02
-3.614432561120251020e-02
-3.610766053810861298e-02
-3.607099546505484339e-02
-3.603433039200107380e-02
-3.599766531894730420e-02
-3.596100024589353461e-02
-3.592433517283977196e-02
-3.588767009978600236e-02
-3.585100502673223277e-02
-3.581433995367846318e-02
-3.577767488062469359e-02
-3.574100980757092400e-02
-3.570434473451715440e-02
-3.574862081810727121e-02
-3.579289690172256233e-02
-3.583717298533786039e-02
-3.588144906895315150e-02
-3.592572515256844956e-02
-3.597000123618374068e-02
-3.601427731979903873e-02
-3.605855340341432985e-02
-3.610282948702962097e-02
-3.614710557064491903e-02
-3.619138165426021014e-02
-3.623565773787550820e-02
-3.631946492803939802e-02
-3.640327211821601378e-02
-3.648707930839262953e-02
-3.657088649856924528e-02
-3.665469368874586104e-02
-3.673850087892248373e-02
-3.682230806909909254e-02
-3.690611525927570830e-02
-3.698992244945233099e-02
-3.707372963962894674e-02
-3.715753682980556249e-02
-3.724134401998217825e-02
-3.738040136787669498e-02
-3.751945871578959285e-02
-3.765851606370249766e-02
-3.779757341161539552e-02
-3.793663075952830033e-02
-3.807568810744120513e-02
-3.821474545535410300e-02
-3.835380280326700780e-02
-3.849286015117990567e-02
-3.863191749909281048e-02
-3.877097484700571528e-02
-3.891003219491862009e-02
-3.899612039331279423e-02
-3.908220859168875377e-02
-3.916829679006472026e-02
-3.925438498844068674e-02
-3.934047318681664629e-02
-3.942656138519261277e-02
-3.951264958356857232e-02
-3.959873778194453187e-02
-3.968482598032049835e-02
-3.977091417869646484e-02
-3.985700237707243132e-02
-3.994309057544839087e-02
-3.721347994971521689e-02
-3.448386932298330015e-02
-3.175425869625138342e-02
-2.902464806951947016e-02
-2.629503744278755342e-02
-2.356542681605564016e-02
-2.083581618932372342e-02
-1.810620556259180669e-02
-1.537659493585989690e-02
-1.264698430912798016e-02
-9.917373682396066897e-03
-7.187763055664151031e-03
6.277783305961942518e-04
8.443319718716039285e-03
1.625886110683588681e-02
2.407440249495573434e-02
3.188994388307558187e-02
3.970548527119543286e-02
4.752102665931527692e-02
5.533656804743512098e-02
6.315210943555496503e-02
7.096765082367481603e-02
7.878319221179466703e-02
8.659873359991450414e-02
8.797258535007856928e-02
8.934643709781713017e-02
9.072028884555571882e-02
9.209414059329429358e-02
9.346799234103285448e-02
9.484184408877144312e-02
9.621569583651000401e-02
9.758954758424859266e-02
9.896339933198715355e-02
1.003372510797257283e-01
1.017111028274643170e-01
1.030849545752028779e-01
1.025558579699993728e-01
1.020267613640585963e-01
1.014976647581178060e-01
1.009685681521770295e-01
1.004394715462362253e-01
9.991037494029543498e-02
9.938127833435465852e-02
9.885218172841386819e-02
9.832308512247306398e-02
9.779398851653228752e-02
9.726489191059149719e-02
9.673579530465070686e-02
9.644718351408176904e-02
9.615857172360861571e-02
9.586995993313547626e-02
9.558134814266233681e-02
9.529273635218918348e-02
9.500412456171603015e-02
9.471551277124289070e-02
9.442690098076975125e-02
9.413828919029661180e-02
9.384967739982347235e-02
9.356106560935030514e-02
9.327245381887716569e-02
9.215949119094163366e-02
9.104652856266867711e-02
8.993356593439574831e-02
8.882060330612281951e-02
8.770764067784987683e-02
8.659467804957694803e-02
8.548171542130400535e-02
8.436875279303107655e-02
8.325579016475814775e-02
8.214282753648519120e-02
8.102986490821227628e-02
7.991690227993933360e-02
7.948184812158419488e-02
7.904679396351391163e-02
7.861173980544362838e-02
7.817668564737333126e-02
7.774163148930303413e-02
7.730657733123275088e-02
7.687152317316245376e-02
7.643646901509217051e-02
7.600141485702188726e-02
7.556636069895159014e-02
7.513130654088130689e-02
7.469625238281102364e-02
7.496263345524992183e-02
7.522901452799121702e-02
7.549539560073251221e-02
7.576177667347380740e-02
7.602815774621510259e-02
7.629453881895639777e-02
7.656091989169769296e-02
7.682730096443898815e-02
7.709368203718028334e-02
7.736006310992159241e-02
7.762644418266287372e-02
7.789282525540418278e-02
7.750462210715250433e-02
7.711641895861148788e-02
7.672821581007047143e-02
7.634001266152946885e-02
7.595180951298845240e-02
7.556360636444743595e-02
7.517540321590641950e-02
7.478720006736541692e-02
7.439899691882440047e-02
7.401079377028338402e-02
7.362259062174236757e-02
7.323438747320135112e-02
7.240366905303098621e-02
7.157295063266019830e-02
7.074223221228939651e-02
6.991151379191860860e-02
6.908079537154782068e-02
6.825007695117703277e-02
6.741935853080623098e-02
6.658864011043544306e-02
6.575792169006465515e-02
6.492720326969386724e-02
6.409648484932306545e-02
6.326576642895227753e-02
6.174885851975146084e-02
6.023195061023235708e-02
5.871504270071325332e-02
5.719813479119414956e-02
5.568122688167505274e-02
5.416431897215594204e-02
5.264741106263683829e-02
5.113050315311774147e-02
4.961359524359864465e-02
4.809668733407953395e-02
4.657977942456043019e-02
4.506287151504132643e-02
4.348792742925775001e-02
4.191298334344662618e-02
4.033803925763548848e-02
3.876309517182436465e-02
3.718815108601323388e-02
3.561320700020210311e-02
3.403826291439097235e-02
3.246331882857984158e-02
3.088837474276871428e-02
2.931343065695758004e-02
2.773848657114645622e-02
2.616354248533532198e-02
2.480722728154365758e-02
2.345091207785817561e-02
2.209459687417269363e-02
2.073828167048721166e-02
1.938196646680172622e-02
1.802565126311624424e-02
1.666933605943076227e-02
1.531302085574527856e-02
1.395670565205979312e-02
1.260039044837431114e-02
1.124407524468882744e-02
9.887760041003345463e-03
9.908506755839601929e-03
9.929253471359686389e-03
9.950000186879769115e-03
9.970746902399853576e-03
9.991493617919936301e-03
1.001224033344002076e-02
1.003298704896010349e-02
1.005373376448018621e-02
1.007448048000027067e-02
1.009522719552035340e-02
1.011597391104043613e-02
1.013672062656052232e-02
1.015447867695436213e-02
1.017223672734668405e-02
1.018999477773900424e-02
1.020775282813132963e-02
1.022551087852364982e-02
1.024326892891597521e-02
1.026102697930829540e-02
1.027878502970062079e-02
1.029654308009294097e-02
1.031430113048526637e-02
1.033205918087758655e-02
1.034981723126991195e-02
1.007575475757098958e-02
9.801692283720785451e-03
9.527629809870581321e-03
9.253567336020378925e-03
8.979504862170174795e-03
8.705442388319970665e-03
8.431379914469766534e-03
8.157317440619562404e-03
7.883254966769358274e-03
7.609192492919155011e-03
7.335130019068951748e-03
7.061067545218747618e-03
6.460912377887999616e-03
5.860757210384642292e-03
5.260602042881284968e-03
4.660446875377928511e-03
4.060291707874571186e-03
3.460136540371213862e-03
2.859981372867856971e-03
2.259826205364499647e-03
1.659671037861142539e-03
1.059515870357785865e-03
4.593607028544282158e-04
-1.407944646489283497e-04
-7.806095389131945941e-04
-1.420424613198886408e-03
-2.060239687484578548e-03
-2.700054761770270470e-03
-3.339869836055962393e-03
-3.979684910341654315e-03
-4.619499984627345804e-03
-5.259315058913038160e-03
-5.899130133198729649e-03
-6.538945207484422005e-03
-7.178760281770113494e-03
-7.818575356055805850e-03
-8.345273121202869196e-03
-8.871970886287586580e-03
-9.398668651372303964e-03
-9.925366416457023083e-03
-1.045206418154174220e-02
-1.097876194662645959e-02
-1.150545971171117697e-02
-1.203215747679589435e-02
-1.255885524188061347e-02
-1.308555300696533086e-02
-1.361225077205004824e-02
-1.413894853713476563e-02
-1.339507195495387958e-02
-1.265119537205884777e-02
-1.190731878916381423e-02
-1.116344220626877895e-02
-1.041956562337374367e-02
-9.675689040478710132e-03
-8.931812457583674855e-03
-8.187935874688641313e-03
-7.444059291793607772e-03
-6.700182708898573362e-03
-5.956306126003539821e-03
-5.212429543108505411e-03
-1.515289852218206553e-03
2.181849840364257810e-03
5.878989532946722607e-03
9.576129225529186537e-03
1.327326891811165047e-02
1.697040861069411266e-02
2.066754830327658179e-02
2.436468799585904746e-02
2.806182768844150965e-02
3.175896738102397532e-02
3.545610707360644098e-02
3.915324676618890665e-02
3.952979174460672512e-02
3.990633672108567093e-02
4.028288169756462367e-02
4.065942667404356947e-02
4.103597165052251527e-02
4.141251662700145414e-02
4.178906160348040688e-02
4.216560657995935268e-02
4.254215155643830543e-02
4.291869653291724429e-02
4.329524150939619703e-02
4.367178648587513590e-02
4.290967941957053028e-02
4.214757235258864698e-02
4.138546528560676369e-02
4.062335821862487345e-02
3.986125115164298321e-02
3.909914408466109992e-02
3.833703701767921662e-02
3.757492995069733333e-02
3.681282288371544309e-02
3.605071581673355979e-02
3.528860874975166956e-02
3.452650168276978626e-02
3.344768457195575889e-02
3.236886746094989192e-02
3.129005034994402495e-02
3.021123323893816146e-02
2.913241612793229796e-02
2.805359901692643099e-02
2.697478190592057096e-02
2.589596479491470399e-02
2.481714768390883702e-02
2.373833057290297352e-02
2.265951346189711002e-02
2.158069635089124305e-02
2.092758974214386017e-02
2.027448313365897911e-02
1.962137652517410499e-02
1.896826991668922741e-02
1.831516330820434982e-02
1.766205669971947223e-02
1.700895009123459464e-02
1.635584348274972052e-02
1.570273687426484294e-02
1.504963026577996535e-02
1.439652365729508950e-02
1.374341704881021191e-02
1.323152716950470355e-02
1.271963729028781527e-02
1.220774741107092873e-02
1.169585753185404045e-02
1.118396765263715391e-02
1.067207777342026563e-02
1.016018789420337735e-02
9.648298014986490811e-03
9.136408135769604269e-03
8.624518256552715992e-03
8.112628377335827715e-03
7.600738498118941172e-03
6.885906408139211461e-03
6.171074318029909182e-03
5.456242227920606903e-03
4.741410137811306359e-03
4.026578047702004948e-03
3.311745957592702669e-03
2.596913867483400824e-03
1.882081777374098978e-03
1.167249687264798001e-03
4.524175971554959385e-04
-2.624144929538049851e-04
-9.772465830631071014e-04
-1.562637396508495058e-03
-2.148028209869826555e-03
-2.733419023231158269e-03
-3.318809836592489550e-03
-3.904200649953821697e-03
-4.489591463315152978e-03
-5.074982276676485125e-03
-5.660373090037815538e-03
-6.245763903399147686e-03
-6.831154716760479834e-03
-7.416545530121811114e-03
-8.001936343483142394e-03
-8.485974778160083540e-03
-8.970013212770100788e-03
-9.454051647380119772e-03
-9.938090081990137020e-03
-1.042212851660015774e-02
-1.090616695121017499e-02
-1.139020538582019224e-02
-1.187424382043021122e-02
-1.235828225504022847e-02
-1.284232068965024572e-02
-1.332635912426026643e-02
-1.381039755887028542e-02
-1.312957109794230838e-02
-1.244874463623246545e-02
-1.176791817452262426e-02
-1.108709171281278306e-02
-1.040626525110294014e-02
-9.725438789393097208e-03
-9.044612327683256014e-03
-8.363785865973413086e-03
-7.682959404263571025e-03
-7.002132942553728964e-03
-6.321306480843887771e-03
-5.640480019134045710e-03
-4.815397999226175667e-03
-3.990315979219906037e-03
-3.165233959213636407e-03
-2.340151939207366777e-03
-1.515069919201096713e-03
-6.899878991948271917e-04
1.350941208114417606e-04
9.601761408177113093e-04
1.785258160823980939e-03
2.610340180830251437e-03
3.435422200836521067e-03
4.260504220842790263e-03
4.041656567611589049e-03
3.822808913656908399e-03
3.603961259702226881e-03
3.385113605747545797e-03
3.166265951792864713e-03
2.947418297838183196e-03
2.728570643883502112e-03
2.509722989928821462e-03
2.290875335974140378e-03
2.072027682019459294e-03
1.853180028064777994e-03
1.634332374110097127e-03
1.004765426635746825e-03
3.751984788722712992e-04
-2.543684688912042262e-04
-8.839354166546798059e-04
-1.513502364418155711e-03
-2.143069312181630857e-03
-2.772636259945106436e-03
-3.402203207708582450e-03
-4.031770155472057596e-03
-4.661337103235532742e-03
-5.290904050999009622e-03
-5.920470998762484768e-03
-6.607995412627703027e-03
-7.295519826534354289e-03
-7.983044240441005551e-03
-8.670568654347655946e-03
-9.358093068254306340e-03
-1.004561748216095673e-02
-1.073314189606760713e-02
-1.142066630997425926e-02
-1.210819072388090792e-02
-1.279571513778755831e-02
-1.348323955169420871e-02
-1.417076396560086084e-02
-1.483195219711998421e-02
-1.549314042861999439e-02
-1.615432866012000632e-02
-1.681551689162001650e-02
-1.747670512312002669e-02
-1.813789335462003688e-02
-1.879908158612004707e-02
-1.946026981762005725e-02
-2.012145804912007091e-02
-2.078264628062008110e-02
-2.144383451212009128e-02
-2.210502274362009800e-02
-2.269771154997090104e-02
-2.329040035627124097e-02
-2.388308916257157744e-02
-2.447577796887191737e-02
-2.506846677517225383e-02
-2.566115558147259029e-02
-2.625384438777293022e-02
-2.684653319407326669e-02
-2.743922200037360662e-02
-2.803191080667393961e-02
-2.862459961297428301e-02
-2.921728841927461601e-02
-2.956354645512709531e-02
-2.990980449079534004e-02
-3.025606252646358477e-02
-3.060232056213182603e-02
-3.094857859780007076e-02
-3.129483663346831201e-02
-3.164109466913656021e-02
-3.198735270480480147e-02
-3.233361074047304273e-02
-3.267986877614129093e-02
-3.302612681180953219e-02
-3.337238484747778039e-02
-3.313918523213833095e-02
-3.290598561635935115e-02
-3.267278600058037136e-02
-3.243958638480139156e-02
-3.220638676902241870e-02
-3.197318715324343891e-02
-3.173998753746445911e-02
-3.150678792168547931e-02
-3.127358830590650646e-02
-3.104038869012752319e-02
-3.080718907434854339e-02
-3.057398945856956707e-02
-3.039167858832539024e-02
-3.020936771812036958e-02
-3.002705684791534546e-02
-2.984474597771032481e-02
-2.966243510750530415e-02
-2.948012423730028003e-02
-2.929781336709525938e-02
-2.911550249689023873e-02
-2.893319162668521113e-02
-2.875088075648019048e-02
-2.856856988627516983e-02
-2.838625901607014917e-02
-2.848504803804834465e-02
-2.858383706024588897e-02
-2.868262608244343675e-02
-2.878141510464098454e-02
-2.888020412683853233e-02
-2.897899314903608012e-02
-2.907778217123362791e-02
-2.917657119343117569e-02
-2.927536021562872348e-02
-2.937414923782627474e-02
-2.947293826002382253e-02
-2.957172728222137031e-02
-2.974681776030302024e-02
-2.992190823844504549e-02
-3.009699871658707421e-02
-3.027208919472909945e-02
-3.044717967287112470e-02
-3.062227015101315342e-02
-3.079736062915517519e-02
-3.097245110729720044e-02
-3.114754158543922569e-02
-3.132263206358125440e-02
-3.149772254172327618e-02
-3.167281301986530490e-02
-3.166677041600424181e-02
-3.166072781199788522e-02
-3.165468520799151475e-02
-3.164864260398515816e-02
-3.164259999997879463e-02
-3.163655739597243111e-02
-3.163051479196607452e-02
-3.162447218795971099e-02
-3.161842958395334746e-02
-3.161238697994698393e-02
-3.160634437594062041e-02
-3.160030177193425688e-02
-3.162071468037452177e-02
-3.164112758883629722e-02
-3.166154049729807268e-02
-3.168195340575984814e-02
-3.170236631422162360e-02
-3.172277922268339906e-02
-3.174319213114517452e-02
-3.176360503960694998e-02
-3.178401794806871850e-02
-3.180443085653050089e-02
-3.182484376499226941e-02
-3.184525667345404487e-02
-3.203120907612377194e-02
-3.221716147892991072e-02
-3.240311388173604257e-02
-3.258906628454216747e-02
-3.277501868734830626e-02
-3.296097109015443810e-02
-3.314692349296056995e-02
-3.333287589576670179e-02
-3.351882829857284057e-02
-3.370478070137896548e-02
-3.389073310418509732e-02
-3.407668550699123611e-02
-3.432052175340837008e-02
-3.456435799987384039e-02
-3.480819424633930376e-02
-3.505203049280477406e-02
-3.529586673927023743e-02
-3.553970298573570774e-02
-3.578353923220117111e-02
-3.602737547866664142e-02
-3.627121172513211173e-02
-3.651504797159757509e-02
-3.675888421806304540e-02
-3.700272046452850877e-02
-3.693037686239357409e-02
-3.685803325999120750e-02
-3.678568965758884091e-02
-3.671334605518647431e-02
-3.664100245278410772e-02
-3.656865885038174113e-02
-3.649631524797937454e-02
-3.642397164557700795e-02
-3.635162804317464136e-02
-3.627928444077227477e-02
-3.620694083836990818e-02
-3.613459723596753465e-02
-3.578951804588249158e-02
-3.544443885556377433e-02
-3.509935966524506401e-02
-3.475428047492635369e-02
-3.440920128460763644e-02
-3.406412209428892612e-02
-3.371904290397021581e-02
-3.337396371365149855e-02
-3.302888452333278824e-02
-3.268380533301407098e-02
-3.233872614269536067e-02
-3.199364695237665035e-02
-3.201286677852117207e-02
-3.203208660498178123e-02
-3.205130643144239733e-02
-3.207052625790300648e-02
-3.208974608436361564e-02
-3.210896591082423174e-02
-3.212818573728484089e-02
-3.214740556374545005e-02
-3.216662539020605921e-02
-3.218584521666667531e-02
-3.220506504312728446e-02
-3.222428486958789362e-02
-3.219217344299024619e-02
-3.216006201634750289e-02
-3.212795058970475265e-02
-3.209583916306200935e-02
-3.206372773641925911e-02
-3.203161630977651581e-02
-3.199950488313376556e-02
-3.196739345649101532e-02
-3.193528202984827202e-02
-3.190317060320552178e-02
-3.187105917656277848e-02
-3.183894774992002824e-02
-3.157347295813366789e-02
-3.130799816613974440e-02
-3.104252337414581051e-02
-3.077704858215188008e-02
-3.051157379015794965e-02
-3.024609899816402270e-02
-2.998062420617009227e-02
-2.971514941417615838e-02
-2.944967462218222795e-02
-2.918419983018830099e-02
-2.891872503819437057e-02
-2.865325024620044014e-02
-2.846948659985322136e-02
-2.828572295357957220e-02
-2.810195930730592651e-02
-2.791819566103227734e-02
-2.773443201475863165e-02
-2.755066836848498249e-02
-2.736690472221133680e-02
-2.718314107593768764e-02
-2.699937742966403847e-02
-2.681561378339039278e-02
-2.663185013711674709e-02
-2.644808649084309793e-02
-2.649728510769977854e-02
-2.654648372476876503e-02
-2.659568234183775151e-02
-2.664488095890673452e-02
-2.669407957597572101e-02
-2.674327819304470402e-02
-2.679247681011368704e-02
-2.684167542718267005e-02
-2.689087404425166000e-02
-2.694007266132064302e-02
-2.698927127838962603e-02
-2.703846989545861251e-02
-2.712609598848363807e-02
-2.721372208154410402e-02
-2.730134817460456997e-02
-2.738897426766503940e-02
-2.747660036072550535e-02
-2.756422645378597130e-02
-2.765185254684644073e-02
-2.773947863990690321e-02
-2.782710473296736917e-02
-2.791473082602783512e-02
-2.800235691908830107e-02
-2.808998301214877050e-02
-2.840085358247741026e-02
-2.871172415301436950e-02
-2.902259472355133221e-02
-2.933346529408829145e-02
-2.964433586462524722e-02
-2.995520643516220993e-02
-3.026607700569916917e-02
-3.057694757623612841e-02
-3.088781814677309112e-02
-3.119868871731004689e-02
-3.150955928784700960e-02
-3.182042985838396537e-02
-3.211402067860590764e-02
-3.240761149881152964e-02
-3.270120231901715163e-02
-3.299479313922278056e-02
-3.328838395942840256e-02
-3.358197477963403149e-02
-3.387556559983965349e-02
-3.416915642004528242e-02
-3.446274724025090441e-02
-3.475633806045652641e-02
-3.504992888066215534e-02
-3.534351970086777733e-02
-3.543073768462836476e-02
-3.551795566819187372e-02
-3.560517365175537574e-02
-3.569239163531887776e-02
-3.577960961888238672e-02
-3.586682760244589568e-02
-3.595404558600939771e-02
-3.604126356957290667e-02
-3.612848155313640869e-02
-3.621569953669991765e-02
-3.630291752026341967e-02
-3.639013550382692863e-02
-3.655639844233109226e-02
-3.672266138091161147e-02
-3.688892431949213069e-02
-3.705518725807264296e-02
-3.722145019665316218e-02
-3.738771313523367446e-02
-3.755397607381419367e-02
-3.772023901239470595e-02
-3.788650195097522516e-02
-3.805276488955573744e-02
-3.821902782813625665e-02
-3.838529076671676893e-02
-3.851730555392704480e-02
-3.864932034110386827e-02
-3.878133512828069174e-02
-3.891334991545751520e-02
-3.904536470263433173e-02
-3.917737948981115520e-02
-3.930939427698797173e-02
-3.944140906416479520e-02
-3.957342385134161866e-02
-3.970543863851843519e-02
-3.983745342569525866e-02
-3.996946821287208212e-02
-4.012288553308655803e-02
-4.027630285332216981e-02
-4.042972017355778158e-02
-4.058313749379339336e-02
-4.073655481402901207e-02
-4.088997213426462385e-02
-4.104338945450023562e-02
-4.119680677473586128e-02
-4.135022409497146612e-02
-4.150364141520709177e-02
-4.165705873544270355e-02
-4.181047605567831532e-02
-4.173958529900029246e-02
-4.166869454209826823e-02
-4.159780378519625788e-02
-4.152691302829423364e-02
-4.145602227139221635e-02
-4.138513151449019212e-02
-4.131424075758816788e-02
-4.124335000068615059e-02
-4.117245924378412636e-02
-4.110156848688210907e-02
-4.103067772998008483e-02
-4.095978697307807448e-02
-4.080899573198316921e-02
-4.065820449080760624e-02
-4.050741324963205020e-02
-4.035662200845648723e-02
-4.020583076728091731e-02
-4.005503952610535434e-02
-3.990424828492979137e-02
-3.975345704375422839e-02
-3.960266580257866542e-02
-3.945187456140310245e-02
-3.930108332022753947e-02
-3.915029207905197650e-02
-3.915368096256422598e-02
-3.915706984623381487e-02
-3.916045872990339682e-02
-3.916384761357297878e-02
-3.916723649724256767e-02
-3.917062538091214963e-02
-3.917401426458173852e-02
-3.917740314825132047e-02
-3.918079203192090243e-02
-3.918418091559049132e-02
-3.918756979926007328e-02
-3.919095868292966217e-02
-3.926729809831271817e-02
-3.934363751377101259e-02
-3.941997692922930702e-02
-3.949631634468760144e-02
-3.957265576014589586e-02
-3.964899517560419029e-02
-3.972533459106248471e-02
-3.980167400652077914e-02
-3.987801342197907356e-02
-3.995435283743736798e-02
-4.003069225289566241e-02
-4.010703166835395683e-02
-4.016839278358166204e-02
-4.022975389879375474e-02
-4.029111501400584744e-02
-4.035247612921794014e-02
-4.041383724443003284e-02
-4.047519835964213247e-02
-4.053655947485421823e-02
-4.059792059006631093e-02
-4.065928170527841057e-02
-4.072064282049049633e-02
-4.078200393570259596e-02
-4.084336505091468172e-02
-4.106184218543500880e-02
-4.128031932012080074e-02
-4.149879645480660656e-02
-4.171727358949240544e-02
-4.193575072417820432e-02
-4.215422785886399626e-02
-4.237270499354979514e-02
-4.259118212823559402e-02
-4.280965926292139290e-02
-4.302813639760718484e-02
-4.324661353229298372e-02
-4.346509066697878954e-02
-4.378309488641517894e-02
-4.410109910595749749e-02
-4.441910332549980217e-02
-4.473710754504210685e-02
-4.505511176458441847e-02
-4.537311598412672314e-02
-4.569112020366903476e-02
-4.600912442321133944e-02
-4.632712864275364412e-02
-4.664513286229595573e-02
-4.696313708183826041e-02
-4.728114130138056509e-02
-4.738811803085863500e-02
-4.749509476010982389e-02
-4.760207148936102667e-02
-4.770904821861222250e-02
-4.781602494786342528e-02
-4.792300167711462805e-02
-4.802997840636581695e-02
-4.813695513561701972e-02
-4.824393186486821555e-02
-4.835090859411941833e-02
-4.845788532337062110e-02
-4.856486205262181000e-02
-4.862662037190331604e-02
-4.868837869113570860e-02
-4.875013701036810809e-02
-4.881189532960049371e-02
-4.887365364883289320e-02
-4.893541196806528576e-02
-4.899717028729768525e-02
-4.905892860653007087e-02
-4.912068692576247037e-02
-4.918244524499486986e-02
-4.924420356422726242e-02
-4.930596188345965497e-02
-4.925983401478545992e-02
-4.921370614599292898e-02
-4.916757827720040497e-02
-4.912145040840787402e-02
-4.907532253961534308e-02
-4.902919467082281213e-02
-4.898306680203028118e-02
-4.893693893323775718e-02
-4.889081106444523317e-02
-4.884468319565270222e-02
-4.879855532686017128e-02
-4.875242745806764033e-02
-4.862144376511202265e-02
-4.849046007206241765e-02
-4.835947637901280571e-02
-4.822849268596319378e-02
-4.809750899291357490e-02
-4.796652529986396296e-02
-4.783554160681435796e-02
-4.770455791376473909e-02
-4.757357422071512715e-02
-4.744259052766551521e-02
-4.731160683461591021e-02
-4.718062314156629133e-02
-4.705519883731750647e-02
-4.692977453307494579e-02
-4.680435022883237123e-02
-4.667892592458980361e-02
-4.655350162034724293e-02
-4.642807731610466837e-02
-4.630265301186210769e-02
-4.617722870761954007e-02
-4.605180440337697245e-02
-4.592638009913441177e-02
-4.580095579489183721e-02
-4.567553149064927653e-02
-4.548201168621070906e-02
-4.528849188169522394e-02
-4.509497207717973188e-02
-4.490145227266424677e-02
-4.470793246814876165e-02
-4.451441266363327653e-02
-4.432089285911778448e-02
-4.412737305460230630e-02
-4.393385325008682118e-02
-4.374033344557133607e-02
-4.354681364105585095e-02
-4.335329383654035890e-02
-4.337144951706865120e-02
-4.338960519783835457e-02
-4.340776087860806487e-02
-4.342591655937777517e-02
-4.344407224014747160e-02
-4.346222792091718190e-02
-4.348038360168689220e-02
-4.349853928245659557e-02
-4.351669496322630587e-02
-4.353485064399601617e-02
-4.355300632476571260e-02
-4.357116200553542290e-02
-4.373159813834346515e-02
-4.389203427131532081e-02
-4.405247040428719035e-02
-4.421290653725905295e-02
-4.437334267023092249e-02
-4.453377880320278509e-02
-4.469421493617465463e-02
-4.485465106914651029e-02
-4.501508720211837983e-02
-4.517552333509024243e-02
-4.533595946806211197e-02
-4.549639560103397457e-02
-4.579290191294367596e-02
-4.608940822501153556e-02
-4.638591453707939516e-02
-4.668242084914725476e-02
-4.697892716121511436e-02
-4.727543347328297396e-02
-4.757193978535084050e-02
-4.786844609741869316e-02
-4.816495240948655970e-02
-4.846145872155441930e-02
-4.875796503362227197e-02
-4.905447134569013851e-02
-4.950638042894293933e-02
-4.995828951237805959e-02
-5.041019859581319373e-02
-5.086210767924832094e-02
-5.131401676268344814e-02
-5.176592584611856840e-02
-5.221783492955369560e-02
-5.266974401298882280e-02
-5.312165309642395694e-02
-5.357356217985908414e-02
-5.402547126329420440e-02
-5.447738034672933161e-02
-5.476227635671481603e-02
-5.504717236650252116e-02
-5.533206837629023322e-02
-5.561696438607793835e-02
-5.590186039586565042e-02
-5.618675640565336249e-02
-5.647165241544107456e-02
-5.675654842522878663e-02
-5.704144443501649175e-02
-5.732634044480420382e-02
-5.761123645459191589e-02
-5.789613246437962796e-02
-5.778456618849675541e-02
-5.767299991214009519e-02
-5.756143363578343497e-02
-5.744986735942676087e-02
-5.733830108307010065e-02
-5.722673480671343349e-02
-5.711516853035676633e-02
-5.700360225400009917e-02
-5.689203597764343895e-02
-5.678046970128676485e-02
-5.666890342493010463e-02
-5.655733714857344441e-02
-5.601340008708224211e-02
-5.546946302506960969e-02
-5.492552596305698420e-02
-5.438158890104435872e-02
-5.383765183903172630e-02
-5.329371477701909388e-02
-5.274977771500646839e-02
-5.220584065299383597e-02
-5.166190359098120355e-02
-5.111796652896857113e-02
-5.057402946695593871e-02
-5.003009240494332016e-02
-4.933885788768497399e-02
-4.864762337024738231e-02
-4.795638885280979063e-02
-4.726515433537219896e-02
-4.657391981793460728e-02
-4.588268530049702254e-02
-4.519145078305942392e-02
-4.450021626562183918e-02
-4.380898174818424751e-02
-4.311774723074665583e-02
-4.242651271330906415e-02
-4.173527819587147247e-02
-3.919093307563172035e-02
-3.664658795311668410e-02
-3.410224283060165479e-02
-3.155789770808662548e-02
-2.901355258557158576e-02
-2.646920746305655645e-02
-2.392486234054151673e-02
-2.138051721802648741e-02
-1.883617209551145463e-02
-1.629182697299641838e-02
-1.374748185048138560e-02
-1.120313672796635109e-02
-7.586255268328514871e-03
-3.969373807362092978e-03
-3.524923463956709216e-04
3.264389114570750809e-03
6.881270575537170101e-03
1.049815203650359373e-02
1.411503349747001389e-02
1.773191495843643925e-02
2.134879641940285594e-02
2.496567788036927610e-02
2.858255934133569973e-02
3.219944080230212335e-02
3.333298439066603724e-02
3.446652797592666961e-02
3.560007156118729504e-02
3.673361514644792741e-02
3.786715873170855284e-02
3.900070231696917827e-02
4.013424590222980370e-02
4.126778948749043607e-02
4.240133307275106844e-02
4.353487665801168693e-02
4.466842024327231930e-02
4.580196382853294473e-02
4.549064354442396152e-02
4.517932325849365049e-02
4.486800297256333253e-02
4.455668268663302151e-02
4.424536240070271048e-02
4.393404211477239252e-02
4.362272182884208149e-02
4.331140154291177047e-02
4.300008125698145250e-02
4.268876097105114148e-02
4.237744068512082352e-02
4.206612039919051249e-02
4.124592123213357414e-02
4.042572206442961169e-02
3.960552289672564230e-02
3.878532372902167985e-02
3.796512456131771740e-02
3.714492539361375495e-02
3.632472622590979250e-02
3.550452705820583005e-02
3.468432789050186066e-02
3.386412872279789821e-02
3.304392955509393576e-02
3.222373038738996637e-02
3.220904486652022974e-02
3.219435934668347238e-02
3.217967382684670807e-02
3.216498830700995765e-02
3.215030278717319334e-02
3.213561726733643598e-02
3.212093174749967861e-02
3.210624622766291431e-02
3.209156070782615694e-02
3.207687518798939957e-02
3.206218966815263527e-02
3.204750414831587790e-02
3.247303224175384501e-02
3.289856033576114835e-02
3.332408842976844476e-02
3.374961652377574117e-02
3.417514461778304452e-02
3.460067271179034093e-02
3.502620080579764428e-02
3.545172889980494069e-02
3.587725699381223710e-02
3.630278508781954044e-02
3.672831318182683685e-02
3.715384127583413326e-02
3.645421155545964381e-02
3.575458183361771014e-02
3.505495211177576953e-02
3.435532238993382892e-02
3.365569266809189525e-02
3.295606294624996158e-02
3.225643322440802097e-02
3.155680350256608729e-02
3.085717378072414668e-02
3.015754405888220954e-02
2.945791433704026893e-02
2.875828461519833179e-02
2.755961488767181763e-02
2.636094515948900902e-02
2.516227543130619346e-02
2.396360570312337790e-02
2.276493597494056234e-02
2.156626624675775025e-02
2.036759651857493469e-02
1.916892679039211914e-02
1.797025706220930705e-02
1.677158733402649149e-02
1.557291760584367767e-02
1.437424787766086211e-02
1.331313926643568069e-02
1.225203065539290717e-02
1.119092204435013539e-02
1.012981343330736535e-02
9.068704822264593568e-03
8.007596211221821789e-03
6.946487600179050877e-03
5.885378989136278230e-03
4.824270378093507318e-03
3.763161767050735972e-03
2.702053156007963759e-03
1.640944544965193498e-03
1.145570700134358744e-03
6.501968560598880365e-04
1.548230119854171938e-04
-3.405508320890534321e-04
-8.359246761635240851e-04
-1.331298520237994684e-03
-1.826672364312465283e-03
-2.322046208386936532e-03
-2.817420052461407348e-03
-3.312793896535877729e-03
-3.808167740610348545e-03
-4.303541584684819794e-03
-4.330404935119392881e-03
-4.357268284922475449e-03
-4.384131634725557149e-03
-4.410994984528639716e-03
-4.437858334331722283e-03
-4.464721684134803983e-03
-4.491585033937886551e-03
-4.518448383740968251e-03
-4.545311733544049951e-03
-4.572175083347132518e-03
-4.599038433150215086e-03
-4.625901782953296786e-03
-3.609049712192010685e-03
-2.592197640012540438e-03
-1.575345567833068890e-03
-5.584934956535981014e-04
4.583585765258727960e-04
1.475210648705344236e-03
2.492062720884814699e-03
3.508914793064285814e-03
4.525766865243756494e-03
5.542618937423227608e-03
6.559471009602697855e-03
7.576323081782170704e-03
7.436281166805573141e-03
7.296239250244379408e-03
7.156197333683185675e-03
7.016155417121992810e-03
6.876113500560799077e-03
6.736071583999605344e-03
6.596029667438411612e-03
6.455987750877218746e-03
6.315945834316025881e-03
6.175903917754831281e-03
6.035862001193638415e-03
5.895820084632444683e-03
5.159815594236531397e-03
4.423811103017824022e-03
3.687806611799117080e-03
2.951802120580409704e-03
2.215797629361702763e-03
1.479793138142995170e-03
7.437886469242876867e-04
7.784155705581300593e-06
-7.282203355131261968e-04
-1.464224826731833681e-03
-2.200229317950541056e-03
-2.936233809169247564e-03
-3.562299146547257076e-03
-4.188364483772283493e-03
-4.814429820997309477e-03
-5.440495158222335460e-03
-6.066560495447362311e-03
-6.692625832672388295e-03
-7.318691169897413411e-03
-7.944756507122440262e-03
-8.570821844347466245e-03
-9.196887181572492229e-03
-9.822952518797518212e-03
-1.044901785602254246e-02
-1.096496739593574334e-02
-1.148091693569451219e-02
-1.199686647545328104e-02
-1.251281601521204816e-02
-1.302876555497081701e-02
-1.354471509472958760e-02
-1.406066463448835298e-02
-1.457661417424712356e-02
-1.509256371400589068e-02
-1.560851325376465953e-02
-1.612446279352342665e-02
-1.664041233328219724e-02
-1.723901069841684772e-02
-1.783760906366831447e-02
-1.843620742891977776e-02
-1.903480579417124452e-02
-1.963340415942270781e-02
-2.023200252467417457e-02
-2.083060088992564132e-02
-2.142919925517710808e-02
-2.202779762042856790e-02
-2.262639598568003466e-02
-2.322499435093150141e-02
-2.382359271618296123e-02
-2.429458822370916121e-02
-2.476558373105361421e-02
-2.523657923839807068e-02
-2.570757474574252369e-02
-2.617857025308697669e-02
-2.664956576043143316e-02
-2.712056126777588963e-02
-2.759155677512033916e-02
-2.806255228246479563e-02
-2.853354778980925210e-02
-2.900454329715370858e-02
-2.947553880449815811e-02
-2.680708047885918197e-02
-2.413862214871451486e-02
-2.147016381856985123e-02
-1.880170548842518413e-02
-1.613324715828051703e-02
-1.346478882813584993e-02
-1.079633049799118456e-02
-8.127872167846519197e-03
-5.459413837701850361e-03
-2.790955507557186296e-03
-1.224971774125177039e-04
2.545961152732146172e-03
5.971502235670945492e-03
9.397043319704558723e-03
1.282258440373817109e-02
1.624812548777178692e-02
1.967366657180539755e-02
2.309920765583901164e-02
2.652474873987262574e-02
2.995028982390623984e-02
3.337583090793985047e-02
3.680137199197346110e-02
4.022691307600707866e-02
4.365245416004068929e-02
4.379171785699696035e-02
4.393098154916508236e-02
4.407024524133321131e-02
4.420950893350134026e-02
4.434877262566946227e-02
4.448803631783759122e-02
4.462730001000571323e-02
4.476656370217384218e-02
4.490582739434196419e-02
4.504509108651009314e-02
4.518435477867822209e-02
4.532361847084634410e-02
4.444753422997468895e-02
4.357144998761255938e-02
4.269536574525044370e-02
4.181928150288832108e-02
4.094319726052620539e-02
4.006711301816408971e-02
3.919102877580197403e-02
3.831494453343985140e-02
3.743886029107773572e-02
3.656277604871562004e-02
3.568669180635349741e-02
3.481060756399138173e-02
3.417299695989720054e-02
3.353538635615567476e-02
3.289777575241415591e-02
3.226016514867263707e-02
3.162255454493111129e-02
3.098494394118959244e-02
3.034733333744807360e-02
2.970972273370655475e-02
2.907211212996502897e-02
2.843450152622351013e-02
2.779689092248198781e-02
2.715928031874046897e-02
2.641921001792532642e-02
2.567913971695754902e-02
2.493906941598977162e-02
2.419899911502199075e-02
2.345892881405420988e-02
2.271885851308643595e-02
2.197878821211865508e-02
2.123871791115087421e-02
2.049864761018309334e-02
1.975857730921531941e-02
1.901850700824753854e-02
1.827843670727976114e-02
1.736080902792274186e-02
1.644318134829926212e-02
1.552555366867578932e-02
1.460792598905231478e-02
1.369029830942883851e-02
1.277267062980536397e-02
1.185504295018188943e-02
1.093741527055841489e-02
1.001978759093493862e-02
9.102159911311464083e-03
8.184532231687989545e-03
7.266904552064514140e-03
6.305548694187435195e-03
5.344192836244257214e-03
4.382836978301080100e-03
3.421481120357902118e-03
2.460125262414724137e-03
1.498769404471547023e-03
5.374135465283688250e-04
-4.239423114148083973e-04
-1.385298169357985620e-03
-2.346654027301164035e-03
-3.308009885244341149e-03
-4.269365743187518263e-03
-4.952165284497189388e-03
-5.634964825382760521e-03
-6.317764366268331655e-03
-7.000563907153902789e-03
-7.683363448039473055e-03
-8.366162988925044189e-03
-9.048962529810614455e-03
-9.731762070696186456e-03
-1.041456161158175672e-02
-1.109736115246732872e-02
-1.178016069335289899e-02
-1.246296023423846926e-02
-1.012901768084632781e-02
-7.795075122828291209e-03
-5.461132564810252873e-03
-3.127190006792215406e-03
-7.932474487741778294e-04
1.540695109243860614e-03
3.874637667261896998e-03
6.208580225279935333e-03
8.542522783297973668e-03
1.087646534131601027e-02
1.321040789933405207e-02
1.554435045735208694e-02
2.140927797097741739e-02
2.727420549005572445e-02
3.313913300913402804e-02
3.900406052821233510e-02
4.486898804729064216e-02
5.073391556636894922e-02
5.659884308544725628e-02
6.246377060452557028e-02
6.832869812360387041e-02
7.419362564268218441e-02
8.005855316176048453e-02
8.592348068083879853e-02
8.639055255386590693e-02
8.685762441849807780e-02
8.732469628313026255e-02
8.779176814776244731e-02
8.825884001239461818e-02
8.872591187702678905e-02
8.919298374165897381e-02
8.966005560629114468e-02
9.012712747092331556e-02
9.059419933555550031e-02
9.106127120018768506e-02
9.152834306481985593e-02
9.021286915172629928e-02
8.889739523584100356e-02
8.758192131995569396e-02
8.626644740407039824e-02
8.495097348818510252e-02
8.363549957229979293e-02
8.232002565641449721e-02
8.100455174052920149e-02
7.968907782464390577e-02
7.837360390875861005e-02
7.705812999287331433e-02
7.574265607698801861e-02
7.413460049261363927e-02
7.252654490777783736e-02
7.091848932294203545e-02
6.931043373810623354e-02
6.770237815327041775e-02
6.609432256843461584e-02
6.448626698359881393e-02
6.287821139876301202e-02
6.127015581392721705e-02
5.966210022909141514e-02
5.805404464425561323e-02
5.644598905941981132e-02
5.506513036790733340e-02
5.368427167675562939e-02
5.230341298560393232e-02
5.092255429445222831e-02
4.954169560330053124e-02
4.816083691214882723e-02
4.677997822099713016e-02
4.539911952984543309e-02
4.401826083869372908e-02
4.263740214754203894e-02
4.125654345639032800e-02
3.987568476523863092e-02
3.862421513845169796e-02
3.737274551187164118e-02
3.612127588529158440e-02
3.486980625871152067e-02
3.361833663213146389e-02
3.236686700555140711e-02
3.111539737897135033e-02
2.986392775239129008e-02
2.861245812581123329e-02
2.736098849923117304e-02
2.610951887265111279e-02
2.485804924607105601e-02
2.365917568036541088e-02
2.246030211474443067e-02
2.126142854912345045e-02
2.006255498350247371e-02
1.886368141788149350e-02
1.766480785226051328e-02
1.646593428663953654e-02
1.526706072101855459e-02
1.406818715539757611e-02
1.286931358977659590e-02
1.167044002415561742e-02
1.047156645853463894e-02
9.361453871240169033e-03
8.251341284089556277e-03
7.141228696938945256e-03
6.031116109788332499e-03
4.921003522637720611e-03
3.810890935487107854e-03
2.700778348336495965e-03
1.590665761185883209e-03
4.805531740352716455e-04
-6.295594131153400266e-04
-1.739672000265952674e-03
-2.849784587416565648e-03
-3.794394423504944200e-03
-4.739004259323282252e-03
-5.683614095141621171e-03
-6.628223930959959223e-03
-7.572833766778298142e-03
-8.517443602596637062e-03
-9.462053438414975981e-03
-1.040666327423331664e-02
-1.135127311005165382e-02
-1.229588294586999100e-02
-1.324049278168832992e-02
-1.418510261750667058e-02
-1.487964080422349983e-02
-1.557417899052957605e-02
-1.626871717683565227e-02
-1.696325536314173196e-02
-1.765779354944780818e-02
-1.835233173575388441e-02
-1.904686992205996063e-02
-1.974140810836603685e-02
-2.043594629467211307e-02
-2.113048448097818929e-02
-2.182502266728426205e-02
-2.251956085359034174e-02
-2.306623041578275551e-02
-2.361289997773067043e-02
-2.415956953967859228e-02
-2.470623910162651066e-02
-2.525290866357442904e-02
-2.579957822552234742e-02
-2.634624778747026580e-02
-2.689291734941818071e-02
-2.743958691136609909e-02
-2.798625647331402094e-02
-2.853292603526193932e-02
-2.907959559720985770e-02
-2.926916333346909690e-02
-2.945873106913398515e-02
-2.964829880479887686e-02
-2.983786654046376510e-02
-3.002743427612865335e-02
-3.021700201179354506e-02
-3.040656974745843330e-02
-3.059613748312332848e-02
-3.078570521878821672e-02
-3.097527295445310497e-02
-3.116484069011799668e-02
-3.135440842578288839e-02
-3.150460120027531730e-02
-3.165479397470177814e-02
-3.180498674912824592e-02
-3.195517952355470676e-02
-3.210537229798117453e-02
-3.225556507240763537e-02
-3.240575784683410315e-02
-3.255595062126057093e-02
-3.270614339568703177e-02
-3.285633617011349955e-02
-3.300652894453996039e-02
-3.315672171896642817e-02
-3.315544126304161704e-02
-3.315416080686138522e-02
-3.315288035068115341e-02
-3.315159989450092853e-02
-3.315031943832069672e-02
-3.314903898214047184e-02
-3.314775852596024003e-02
-3.314647806978000821e-02
-3.314519761359978334e-02
-3.314391715741955152e-02
-3.314263670123931971e-02
-3.314135624505909483e-02
-3.306923552086975943e-02
-3.299711479656020074e-02
-3.292499407225064206e-02
-3.285287334794108338e-02
-3.278075262363152470e-02
-3.270863189932196602e-02
-3.263651117501240734e-02
-3.256439045070284866e-02
-3.249226972639328997e-02
-3.242014900208373129e-02
-3.234802827777417261e-02
-3.227590755346461393e-02
-3.222040793967675260e-02
-3.216490832591729215e-02
-3.210940871215781783e-02
-3.205390909839835739e-02
-3.199840948463889001e-02
-3.194290987087942263e-02
-3.188741025711995525e-02
-3.183191064336048787e-02
-3.177641102960102049e-02
-3.172091141584156004e-02
-3.166541180208209266e-02
-3.160991218832262528e-02
-3.132620501997322726e-02
-3.104249785123154928e-02
-3.075879068248987130e-02
-3.047508351374820026e-02
-3.019137634500652229e-02
-2.990766917626484431e-02
-2.962396200752316633e-02
-2.934025483878149529e-02
-2.905654767003981731e-02
-2.877284050129813933e-02
-2.848913333255646482e-02
-2.820542616381479031e-02
-2.781448802818733967e-02
-2.742354989237439505e-02
-2.703261175656145043e-02
-2.664167362074850581e-02
-2.625073548493556813e-02
-2.585979734912262351e-02
-2.546885921330967889e-02
-2.507792107749673427e-02
-2.468698294168379312e-02
-2.429604480587084850e-02
-2.390510667005790388e-02
-2.351416853424495926e-02
-2.342462464814950088e-02
-2.333508076257869573e-02
-2.324553687700789753e-02
-2.315599299143709586e-02
-2.306644910586629071e-02
-2.297690522029549251e-02
-2.288736133472468737e-02
-2.279781744915388916e-02
-2.270827356358308402e-02
-2.261872967801228235e-02
-2.252918579244148414e-02
-2.243964190687067900e-02
-2.229749030108621119e-02
-2.215533869520958446e-02
-2.201318708933296120e-02
-2.187103548345634141e-02
-2.172888387757971468e-02
-2.158673227170309142e-02
-2.144458066582647163e-02
-2.130242905994984837e-02
-2.116027745407322511e-02
-2.101812584819660185e-02
-2.087597424231998205e-02
-2.073382263644335533e-02
-2.067488016795732478e-02
-2.061593769961795469e-02
-2.055699523127858461e-02
-2.049805276293922146e-02
-2.043911029459985138e-02
-2.038016782626048476e-02
-2.032122535792111814e-02
-2.026228288958174806e-02
-2.020334042124238144e-02
-2.014439795290301483e-02
-2.008545548456364821e-02
-2.002651301622427812e-02
-2.000855060622959078e-02
-1.999058819630758141e-02
-1.997262578638557204e-02
-1.995466337646356614e-02
-1.993670096654155677e-02
-1.991873855661954740e-02
-1.990077614669754150e-02
-1.988281373677553213e-02
-1.986485132685352276e-02
-1.984688891693151339e-02
-1.982892650700950748e-02
-1.981096409708749811e-02
-1.982522520844701153e-02
-1.983948631986402755e-02
-1.985374743128104358e-02
-1.986800854269805960e-02
-1.988226965411507563e-02
-1.989653076553208819e-02
-1.991079187694910421e-02
-1.992505298836612024e-02
-1.993931409978313626e-02
-1.995357521120015229e-02
-1.996783632261716485e-02
-1.998209743403418087e-02
-1.999114624629725473e-02
-2.000019505855096802e-02
-2.000924387080468131e-02
-2.001829268305839460e-02
-2.002734149531210789e-02
-2.003639030756582118e-02
-2.004543911981953794e-02
-2.005448793207325123e-02
-2.006353674432696452e-02
-2.007258555658067781e-02
-2.008163436883439110e-02
-2.009068318108810439e-02
-2.011759981229731958e-02
-2.014451644353880758e-02
-2.017143307478029557e-02
-2.019834970602178009e-02
-2.022526633726326808e-02
-2.025218296850475955e-02
-2.027909959974624407e-02
-2.030601623098773206e-02
-2.033293286222921659e-02
-2.035984949347070805e-02
-2.038676612471219257e-02
-2.041368275595368056e-02
-2.044059938719514774e-02
-2.046751601843661145e-02
-2.049443264967807862e-02
-2.052134928091954233e-02
-2.054826591216100951e-02
-2.057518254340246974e-02
-2.060209917464393692e-02
-2.062901580588540063e-02
-2.065593243712686780e-02
-2.068284906836833151e-02
-2.070976569960979868e-02
-2.073668233085125892e-02
-2.076359896209272610e-02
-2.079051559333418980e-02
-2.081743222457565698e-02
-2.084434885581712416e-02
-2.087126548705858439e-02
