-4.059778893585349463e-02
-4.066969508934429461e-02
-4.074160124283510848e-02
-4.081350739632590846e-02
-4.088541354981670845e-02
-4.095731970330750149e-02
-4.102922585679831535e-02
-4.113902648238474541e-02
-4.124882710797139057e-02
-4.135862773355803573e-02
-4.146842835914467396e-02
-4.157822898473131912e-02
-4.168802961031796428e-02
-4.179783023590460944e-02
-4.190763086149125460e-02
-4.201743148707789283e-02
-4.212723211266453799e-02
-4.223703273825117621e-02
-4.234683336383782137e-02
-4.255315456966411725e-02
-4.275947577549198825e-02
-4.296579698131986619e-02
-4.317211818714773719e-02
-4.337843939297561513e-02
-4.358476059880348613e-02
-4.379108180463136407e-02
-4.399740301045923507e-02
-4.420372421628710607e-02
-4.441004542211498402e-02
-4.461636662794284808e-02
-4.482268783377072602e-02
-4.497817298443877038e-02
-4.513365813510542696e-02
-4.528914328577207660e-02
-4.544462843643873318e-02
-4.560011358710538282e-02
-4.575559873777203940e-02
-4.591108388843869598e-02
-4.606656903910535256e-02
-4.622205418977200220e-02
-4.637753934043865878e-02
-4.653302449110530842e-02
-4.668850964177197194e-02
-4.684677808186535342e-02
-4.700504652195885286e-02
-4.716331496205233842e-02
-4.732158340214583092e-02
-4.747985184223932342e-02
-4.763812028233281592e-02
-4.779638872242630843e-02
-4.795465716251980787e-02
-4.811292560261330037e-02
-4.827119404270678593e-02
-4.842946248280027843e-02
-4.858773092289377094e-02
-4.857495222702049031e-02
-4.856217353113880669e-02
-4.854939483525712307e-02
-4.853661613937544639e-02
-4.852383744349376277e-02
-4.851105874761207915e-02
-4.849828005173038858e-02
-4.848550135584870496e-02
-4.847272265996702134e-02
-4.845994396408534466e-02
-4.844716526820366104e-02
-4.843438657232197048e-02
-4.638978899075835854e-02
-4.434519140907276780e-02
-4.230059382738718399e-02
-4.025599624570160018e-02
-3.821139866401601637e-02
-3.616680108233043256e-02
-3.412220350064484875e-02
-3.207760591895925800e-02
-3.003300833727367419e-02
-2.798841075558809038e-02
-2.594381317390250657e-02
-2.389921559221691930e-02
-2.109944960940594166e-02
-1.829968362654138883e-02
-1.549991764367683600e-02
-1.270015166081228490e-02
-9.900385677947733803e-03
-7.100619695083181838e-03
-4.300853712218627271e-03
-1.501087729354075306e-03
1.298678253510472972e-03
4.098444236375025154e-03
6.898210219239577987e-03
9.697976202104129084e-03
1.028256023044884886e-02
1.086714425861224492e-02
1.145172828677564099e-02
1.203631231493903879e-02
1.262089634310243312e-02
1.320548037126582919e-02
1.379006439942922352e-02
1.437464842759261958e-02
1.495923245575601565e-02
1.554381648391941345e-02
1.612840051208280778e-02
1.671298454024620211e-02
1.621478338023671362e-02
1.571658222012677422e-02
1.521838106001683656e-02
1.472017989990689890e-02
1.422197873979695951e-02
1.372377757968702185e-02
1.322557641957708419e-02
1.272737525946714479e-02
1.222917409935720713e-02
1.173097293924726947e-02
1.123277177913733008e-02
1.073457061902739242e-02
9.937518339211935670e-03
9.140466059365493293e-03
8.343413779519049181e-03
7.546361499672607671e-03
6.749309219826165294e-03
5.952256939979721183e-03
5.155204660133278806e-03
4.358152380286836429e-03
3.561100100440392751e-03
2.764047820593950374e-03
1.966995540747507997e-03
1.169943260901065403e-03
4.059570940731271936e-04
-3.580290727510216211e-04
-1.122015239575170544e-03
-1.886001406399319359e-03
-2.649987573223467740e-03
-3.413973740047616771e-03
-4.177959906871765369e-03
-4.941946073695913967e-03
-5.705932240520062565e-03
-6.469918407344212030e-03
-7.233904574168361495e-03
-7.997890740992509226e-03
-7.957900124661850677e-03
-7.917909508230284998e-03
-7.877918891798721054e-03
-7.837928275367155376e-03
-7.797937658935590564e-03
-7.757947042504024886e-03
-7.717956426072459207e-03
-7.677965809640894396e-03
-7.637975193209328717e-03
-7.597984576777763038e-03
-7.557993960346198227e-03
-7.518003343914632548e-03
-7.693485226442268489e-03
-7.868967108999300186e-03
-8.044448991556331016e-03
-8.219930874113363581e-03
-8.395412756670394411e-03
-8.570894639227426975e-03
-8.746376521784457805e-03
-8.921858404341490370e-03
-9.097340286898521200e-03
-9.272822169455552030e-03
-9.448304052012584595e-03
-9.623785934569615425e-03
-9.954535714000983804e-03
-1.028528549345522625e-02
-1.061603527290947042e-02
-1.094678505236371460e-02
-1.127753483181795878e-02
-1.160828461127220296e-02
-1.193903439072644540e-02
-1.226978417018068958e-02
-1.260053394963493549e-02
-1.293128372908917793e-02
-1.326203350854342211e-02
-1.359278328799766629e-02
-1.403077921080523628e-02
-1.446877513362977881e-02
-1.490677105645432307e-02
-1.534476697927886560e-02
-1.578276290210340813e-02
-1.622075882492795065e-02
-1.665875474775249318e-02
-1.709675067057703918e-02
-1.753474659340157824e-02
-1.797274251622612423e-02
-1.841073843905066676e-02
-1.884873436187520929e-02
-1.924676667306185820e-02
-1.964479898424174517e-02
-2.004283129542162867e-02
-2.044086360660151563e-02
-2.083889591778140607e-02
-2.123692822896129304e-02
-2.163496054014117653e-02
-2.203299285132106697e-02
-2.243102516250095393e-02
-2.282905747368083743e-02
-2.322708978486072440e-02
-2.362512209604061483e-02
-2.397167237464817996e-02
-2.431822265324647819e-02
-2.466477293184477296e-02
-2.501132321044306772e-02
-2.535787348904136596e-02
-2.570442376763966072e-02
-2.605097404623795548e-02
-2.639752432483625372e-02
-2.674407460343455195e-02
-2.709062488203284672e-02
-2.743717516063114148e-02
-2.778372543922943971e-02
-2.806894822901062278e-02
-2.835417101878009646e-02
-2.863939380854956668e-02
-2.892461659831904036e-02
-2.920983938808851405e-02
-2.949506217785798773e-02
-2.978028496762746141e-02
-3.006550775739693510e-02
-3.035073054716640531e-02
-3.063595333693587899e-02
-3.092117612670534921e-02
-3.120639891647482289e-02
-3.144351057674276556e-02
-3.168062223700099378e-02
-3.191773389725922200e-02
-3.215484555751744328e-02
-3.239195721777567150e-02
-3.262906887803389971e-02
-3.286618053829212793e-02
-3.310329219855035615e-02
-3.334040385880858437e-02
-3.357751551906681259e-02
-3.381462717932503387e-02
-3.405173883958326209e-02
-3.420760044000359379e-02
-3.436346204040662683e-02
-3.451932364080965987e-02
-3.467518524121269291e-02
-3.483104684161572595e-02
-3.498690844201876593e-02
-3.514277004242179203e-02
-3.529863164282483201e-02
-3.545449324322786505e-02
-3.561035484363089809e-02
-3.576621644403393113e-02
-3.592207804443697111e-02
-3.616482411589521523e-02
-3.640757018737289519e-02
-3.665031625885057515e-02
-3.689306233032826898e-02
-3.713580840180594894e-02
-3.737855447328362890e-02
-3.762130054476131580e-02
-3.786404661623900270e-02
-3.810679268771668265e-02
-3.834953875919436955e-02
-3.859228483067204951e-02
-3.883503090214973641e-02
-3.901938901852516905e-02
-3.920374713488690432e-02
-3.938810525124863265e-02
-3.957246336761036792e-02
-3.975682148397209625e-02
-3.994117960033383152e-02
-4.012553771669555985e-02
-4.030989583305729512e-02
-4.049425394941903039e-02
-4.067861206578076566e-02
-4.086297018214249399e-02
-4.104732829850422926e-02
-4.109806582209460379e-02
-4.114880334565216430e-02
-4.119954086920972480e-02
-4.125027839276728531e-02
-4.130101591632485275e-02
-4.135175343988241325e-02
-4.140249096343997376e-02
-4.145322848699753426e-02
-4.150396601055509477e-02
-4.155470353411265527e-02
-4.160544105767022272e-02
-4.165617858122779016e-02
-4.175031851476099232e-02
-4.184445844830533140e-02
-4.193859838184966354e-02
-4.203273831539400263e-02
-4.212687824893833477e-02
-4.222101818248267385e-02
-4.231515811602700600e-02
-4.240929804957134508e-02
-4.250343798311567722e-02
-4.259757791666001631e-02
-4.269171785020434845e-02
-4.278585778374868753e-02
-4.287209266926553242e-02
-4.295832755478027482e-02
-4.304456244029500334e-02
-4.313079732580973880e-02
-4.321703221132447426e-02
-4.330326709683921665e-02
-4.338950198235394518e-02
-4.347573686786868064e-02
-4.356197175338341609e-02
-4.364820663889815849e-02
-4.373444152441288701e-02
-4.382067640992762247e-02
-4.361794740054993069e-02
-4.341521839109181713e-02
-4.321248938163369663e-02
-4.300976037217557613e-02
-4.280703136271746256e-02
-4.260430235325934206e-02
-4.240157334380122850e-02
-4.219884433434310800e-02
-4.199611532488499444e-02
-4.179338631542687393e-02
-4.159065730596876037e-02
-4.138792829651063987e-02
-4.127436373488930360e-02
-4.116079917329375226e-02
-4.104723461169820786e-02
-4.093367005010266346e-02
-4.082010548850710518e-02
-4.070654092691156078e-02
-4.059297636531600945e-02
-4.047941180372046505e-02
-4.036584724212492065e-02
-4.025228268052936931e-02
-4.013871811893382491e-02
-4.002515355733827357e-02
-4.002656948714450325e-02
-4.002798541698524698e-02
-4.002940134682599072e-02
-4.003081727666673445e-02
-4.003223320650747818e-02
-4.003364913634821498e-02
-4.003506506618895872e-02
-4.003648099602970245e-02
-4.003789692587044619e-02
-4.003931285571118992e-02
-4.004072878555193366e-02
-4.004214471539267045e-02
-4.011514723015428829e-02
-4.018814974493816611e-02
-4.026115225972205086e-02
-4.033415477450592868e-02
-4.040715728928980649e-02
-4.048015980407368430e-02
-4.055316231885756212e-02
-4.062616483364143993e-02
-4.069916734842531775e-02
-4.077216986320920250e-02
-4.084517237799308031e-02
-4.091817489277695813e-02
-4.102793511983201385e-02
-4.113769534689890039e-02
-4.124745557396578693e-02
-4.135721580103267347e-02
-4.146697602809956695e-02
-4.157673625516646043e-02
-4.168649648223334697e-02
-4.179625670930023351e-02
-4.190601693636712005e-02
-4.201577716343402047e-02
-4.212553739050090701e-02
-4.223529761756779355e-02
-4.239719642312478332e-02
-4.255909522869912726e-02
-4.272099403427346426e-02
-4.288289283984780820e-02
-4.304479164542215214e-02
-4.320669045099649608e-02
-4.336858925657083308e-02
-4.353048806214517702e-02
-4.369238686771952096e-02
-4.385428567329386490e-02
-4.401618447886820190e-02
-4.417808328444254584e-02
-4.429624178526848227e-02
-4.441440028607938212e-02
-4.453255878689028890e-02
-4.465071728770118875e-02
-4.476887578851208860e-02
-4.488703428932299538e-02
-4.500519279013389523e-02
-4.512335129094478814e-02
-4.524150979175569492e-02
-4.535966829256659477e-02
-4.547782679337750156e-02
-4.559598529418840140e-02
-4.317803813633826204e-02
-4.076009097758856448e-02
-3.834214381883885997e-02
-3.592419666008916240e-02
-3.350624950133945790e-02
-3.108830234258975686e-02
-2.867035518384005929e-02
-2.625240802509035826e-02
-2.383446086634065722e-02
-2.141651370759095271e-02
-1.899856654884125515e-02
-1.658061939009155064e-02
-9.493106544453400186e-03
-2.405593697107975219e-03
4.681919150237448882e-03
1.176943199758287255e-02
1.885694484492830142e-02
2.594445769227372162e-02
3.303197053961914875e-02
4.011948338696456895e-02
4.720699623430999609e-02
5.429450908165543016e-02
6.138202192900083648e-02
6.846953477634626362e-02
6.999009198824403255e-02
7.151064919804564490e-02
7.303120640784727113e-02
7.455176361764889736e-02
7.607232082745052359e-02
7.759287803725214983e-02
7.911343524705377606e-02
8.063399245685538841e-02
8.215454966665701464e-02
8.367510687645864087e-02
8.519566408626026710e-02
8.671622129606187945e-02
8.656143549673385451e-02
8.640664969675673768e-02
8.625186389677960697e-02
8.609707809680247625e-02
8.594229229682535942e-02
8.578750649684822871e-02
8.563272069687109800e-02
8.547793489689398116e-02
8.532314909691685045e-02
8.516836329693973362e-02
8.501357749696261679e-02
8.485879169698548607e-02
8.490212518377333872e-02
8.494545867064012823e-02
8.498879215750691773e-02
8.503212564437372112e-02
8.507545913124051062e-02
8.511879261810730013e-02
8.516212610497407576e-02
8.520545959184086526e-02
8.524879307870765477e-02
8.529212656557444427e-02
8.533546005244124766e-02
8.537879353930803716e-02
8.466780436572506063e-02
8.395681519183340047e-02
8.324582601794171255e-02
8.253483684405003851e-02
8.182384767015835059e-02
8.111285849626667654e-02
8.040186932237498862e-02
7.969088014848331458e-02
7.897989097459162666e-02
7.826890180069995262e-02
7.755791262680826470e-02
7.684692345291659066e-02
7.671064093391284644e-02
7.657435841515058961e-02
7.643807589638834665e-02
7.630179337762608982e-02
7.616551085886384687e-02
7.602922834010159003e-02
7.589294582133934708e-02
7.575666330257709025e-02
7.562038078381484729e-02
7.548409826505259046e-02
7.534781574629034751e-02
7.521153322752809067e-02
7.569232211760068552e-02
7.617311100793930367e-02
7.665389989827792183e-02
7.713468878861653999e-02
7.761547767895515815e-02
7.809626656929376243e-02
7.857705545963239446e-02
7.905784434997099874e-02
7.953863324030961690e-02
8.001942213064823506e-02
8.050021102098685322e-02
8.098099991132547137e-02
8.087808072316082786e-02
8.077516153473818239e-02
8.067224234631553692e-02
8.056932315789289145e-02
8.046640396947024598e-02
8.036348478104760051e-02
8.026056559262495504e-02
8.015764640420230958e-02
8.005472721577966411e-02
7.995180802735701864e-02
7.984888883893437317e-02
7.974596965051171382e-02
7.923031693481978610e-02
7.871466421894092458e-02
7.819901150306206306e-02
7.768335878718318765e-02
7.716770607130431225e-02
7.665205335542545073e-02
7.613640063954657533e-02
7.562074792366771381e-02
7.510509520778883841e-02
7.458944249190997688e-02
7.407378977603110148e-02
7.355813706015223996e-02
7.239653889872356418e-02
7.123494073699525309e-02
7.007334257526695587e-02
6.891174441353865865e-02
6.775014625181036143e-02
6.658854809008205033e-02
6.542694992835375312e-02
6.426535176662545590e-02
6.310375360489715868e-02
6.194215544316885452e-02
6.078055728144055037e-02
5.961895911971226009e-02
5.835678190942027166e-02
5.709460469908053670e-02
5.583242748874080175e-02
5.457025027840107373e-02
5.330807306806133183e-02
5.204589585772160382e-02
5.078371864738186886e-02
4.952154143704214084e-02
4.825936422670239895e-02
4.699718701636267093e-02
4.573500980602293597e-02
4.447283259568320796e-02
4.335806972241043611e-02
4.224330684920928058e-02
4.112854397600811118e-02
4.001378110280694872e-02
3.889901822960577932e-02
3.778425535640462379e-02
3.666949248320345439e-02
3.555472961000229193e-02
3.443996673680112253e-02
3.332520386359996700e-02
3.221044099039879760e-02
3.109567811719763514e-02
3.117980355088228323e-02
3.126392898516228841e-02
3.134805441944228666e-02
3.143217985372227796e-02
3.151630528800228315e-02
3.160043072228228139e-02
3.168455615656227964e-02
3.176868159084227788e-02
3.185280702512227613e-02
3.193693245940227438e-02
3.202105789368227262e-02
3.210518332796227087e-02
3.218676892186184829e-02
3.226835451576013508e-02
3.234994010965842881e-02
3.243152570355671560e-02
3.251311129745500239e-02
3.259469689135328918e-02
3.267628248525157597e-02
3.275786807914986276e-02
3.283945367304814955e-02
3.292103926694643634e-02
3.300262486084472313e-02
3.308421045474300992e-02
3.290277030277934806e-02
3.272133015067932998e-02
3.253988999857931191e-02
3.235844984647929384e-02
3.217700969437927577e-02
3.199556954227925770e-02
3.181412939017923963e-02
3.163268923807922156e-02
3.145124908597920349e-02
3.126980893387918542e-02
3.108836878177917082e-02
3.090692862967914928e-02
3.042257445651882011e-02
2.993822028319815393e-02
2.945386610987748427e-02
2.896951193655681808e-02
2.848515776323614843e-02
2.800080358991547877e-02
2.751644941659481258e-02
2.703209524327414293e-02
2.654774106995347674e-02
2.606338689663280708e-02
2.557903272331214090e-02
2.509467854999147124e-02
2.455566031946243566e-02
2.401664208890386468e-02
2.347762385834529369e-02
2.293860562778672618e-02
2.239958739722815867e-02
2.186056916666958769e-02
2.132155093611101671e-02
2.078253270555244572e-02
2.024351447499388168e-02
1.970449624443531070e-02
1.916547801387673972e-02
1.862645978331817220e-02
1.816943010488900057e-02
1.771240042650501847e-02
1.725537074812103638e-02
1.679834106973705429e-02
1.634131139135306873e-02
1.588428171296908664e-02
1.542725203458510282e-02
1.497022235620112073e-02
1.451319267781713690e-02
1.405616299943315654e-02
1.359913332104917272e-02
1.314210364266518889e-02
1.381418609467618790e-02
1.448626854732182508e-02
1.515835099996746226e-02
1.583043345261309770e-02
1.650251590525873835e-02
1.717459835790437553e-02
1.784668081055000924e-02
1.851876326319564989e-02
1.919084571584128013e-02
1.986292816848692078e-02
2.053501062113255796e-02
2.120709307377819514e-02
2.456455835030656523e-02
2.792202362837361077e-02
3.127948890644065283e-02
3.463695418450770530e-02
3.799441946257474390e-02
4.135188474064179637e-02
4.470935001870884190e-02
4.806681529677588049e-02
5.142428057484293297e-02
5.478174585290997850e-02
5.813921113097701709e-02
6.149667640904406957e-02
6.197421999184135610e-02
6.245176357295706415e-02
6.292930715407277220e-02
6.340685073518849413e-02
6.388439431630420218e-02
6.436193789741991023e-02
6.483948147853561828e-02
6.531702505965134020e-02
6.579456864076704825e-02
6.627211222188275630e-02
6.674965580299846435e-02
6.722719938411418628e-02
6.668878325296478948e-02
6.615036712121111218e-02
6.561195098945742099e-02
6.507353485770372981e-02
6.453511872595003862e-02
6.399670259419634744e-02
6.345828646244267013e-02
6.291987033068897894e-02
6.238145419893529470e-02
6.184303806718160351e-02
6.130462193542791233e-02
6.076620580367423502e-02
5.991768424423947470e-02
5.906916268461687158e-02
5.822064112499427541e-02
5.737211956537167923e-02
5.652359800574908305e-02
5.567507644612647993e-02
5.482655488650388376e-02
5.397803332688128758e-02
5.312951176725868446e-02
5.228099020763608828e-02
5.143246864801349211e-02
5.058394708839089593e-02
5.008506500789348947e-02
4.958618292761168833e-02
4.908730084732988719e-02
4.858841876704808604e-02
4.808953668676628490e-02
4.759065460648448376e-02
4.709177252620267567e-02
4.659289044592088147e-02
4.609400836563908033e-02
4.559512628535727918e-02
4.509624420507547110e-02
4.459736212479366996e-02
4.420500573548394319e-02
4.381264934624105184e-02
4.342029295699816049e-02
4.302793656775528303e-02
4.263558017851239168e-02
4.224322378926950727e-02
4.185086740002662287e-02
4.145851101078373846e-02
4.106615462154084711e-02
4.067379823229796965e-02
4.028144184305507830e-02
3.988908545381219389e-02
3.929748710923400279e-02
3.870588876452859400e-02
3.811429041982318522e-02
3.752269207511778337e-02
3.693109373041238153e-02
3.633949538570697968e-02
3.574789704100157089e-02
3.515629869629616905e-02
3.456470035159076026e-02
3.397310200688535842e-02
3.338150366217994963e-02
3.278990531747454779e-02
3.229258963993088954e-02
3.179527396244845316e-02
3.129795828496602372e-02
3.080064260748358734e-02
3.030332693000115443e-02
2.980601125251871805e-02
2.930869557503628514e-02
2.881137989755385223e-02
2.831406422007141932e-02
2.781674854258898641e-02
2.731943286510654656e-02
2.682211718762411365e-02
2.639791473921846571e-02
2.597371229086108818e-02
2.554950984250371065e-02
2.512530739414633660e-02
2.470110494578895907e-02
2.427690249743158502e-02
2.385270004907421096e-02
2.342849760071683690e-02
2.300429515235945938e-02
2.258009270400208532e-02
2.215589025564471126e-02
2.173168780728733721e-02
2.234265240975524119e-02
2.295361701291796439e-02
2.356458161608068411e-02
2.417554621924340730e-02
2.478651082240612702e-02
2.539747542556885021e-02
2.600844002873156993e-02
2.661940463189429312e-02
2.723036923505701284e-02
2.784133383821973604e-02
2.845229844138245576e-02
2.906326304454518242e-02
2.982527472149975808e-02
3.058728639855736939e-02
3.134929807561498416e-02
3.211130975267259546e-02
3.287332142973019983e-02
3.363533310678781807e-02
3.439734478384542937e-02
3.515935646090304068e-02
3.592136813796065198e-02
3.668337981501826328e-02
3.744539149207587458e-02
3.820740316913348589e-02
3.805355723570845450e-02
3.789971130164869473e-02
3.774586536758893496e-02
3.759201943352917519e-02
3.743817349946942236e-02
3.728432756540966259e-02
3.713048163134990975e-02
3.697663569729014998e-02
3.682278976323039021e-02
3.666894382917063738e-02
3.651509789511087761e-02
3.636125196105112478e-02
3.583006331037701109e-02
3.529887465943726960e-02
3.476768600849752117e-02
3.423649735755777967e-02
3.370530870661803124e-02
3.317412005567828975e-02
3.264293140473854826e-02
3.211174275379879983e-02
3.158055410285905834e-02
3.104936545191931685e-02
3.051817680097956842e-02
2.998698815003982693e-02
2.938388392079358674e-02
2.878077969149592935e-02
2.817767546219827543e-02
2.757457123290062498e-02
2.697146700360297106e-02
2.636836277430532061e-02
2.576525854500766669e-02
2.516215431571000929e-02
2.455905008641235884e-02
2.395594585711470492e-02
2.335284162781705447e-02
2.274973739851940055e-02
2.214907161096537833e-02
2.154840582341312552e-02
2.094774003586087271e-02
2.034707424830861991e-02
1.974640846075636710e-02
1.914574267320411777e-02
1.854507688565186496e-02
1.794441109809961216e-02
1.734374531054735935e-02
1.674307952299510655e-02
1.614241373544285374e-02
1.554174794789059920e-02
1.498250149159220147e-02
1.442325503532431753e-02
1.386400857905643359e-02
1.330476212278854792e-02
1.274551566652066398e-02
1.218626921025277830e-02
1.162702275398489263e-02
1.106777629771700695e-02
1.050852984144912475e-02
9.949283385181237338e-03
9.390036928913353398e-03
8.830790472645469458e-03
8.475635996835933703e-03
8.120481521178977286e-03
7.765327045522020001e-03
7.410172569865063584e-03
7.055018094208108034e-03
6.699863618551151617e-03
6.344709142894195200e-03
5.989554667237238783e-03
5.634400191580282366e-03
5.279245715923325949e-03
4.924091240266369532e-03
4.568936764609413115e-03
4.725836150423675004e-03
4.882735536626339745e-03
5.039634922829003619e-03
5.196534309031668360e-03
5.353433695234331366e-03
5.510333081436996107e-03
5.667232467639659980e-03
5.824131853842323854e-03
5.981031240044988595e-03
6.137930626247653336e-03
6.294830012450316342e-03
6.451729398652980216e-03
6.570330014162872358e-03
6.688930629643295885e-03
6.807531245123717677e-03
6.926131860604141204e-03
7.044732476084563863e-03
7.163333091564987390e-03
7.281933707045410049e-03
7.400534322525833576e-03
7.519134938006257103e-03
7.637735553486679763e-03
7.756336168967103289e-03
7.874936784447525082e-03
7.746070814826680820e-03
7.617204845012724539e-03
7.488338875198769992e-03
7.359472905384815446e-03
7.230606935570860899e-03
7.101740965756905485e-03
6.972874995942950072e-03
6.844009026128995525e-03
6.715143056315040111e-03
6.586277086501085565e-03
6.457411116687131018e-03
6.328545146873174737e-03
6.128141993634660806e-03
5.927738840339541980e-03
5.727335687044423154e-03
5.526932533749305196e-03
5.326529380454186370e-03
5.126126227159067544e-03
4.925723073863948719e-03
4.725319920568829893e-03
4.524916767273711067e-03
4.324513613978593109e-03
4.124110460683474283e-03
3.923707307388355457e-03
3.881523526299963250e-03
3.839339745338490786e-03
3.797155964377018321e-03
3.754972183415545856e-03
3.712788402454073391e-03
3.670604621492600493e-03
3.628420840531128462e-03
3.586237059569655997e-03
3.544053278608183533e-03
3.501869497646711068e-03
3.459685716685238169e-03
3.417501935723765705e-03
3.352006499826305167e-03
3.286511063909890173e-03
3.221015627993474746e-03
3.155520192077059752e-03
3.090024756160644325e-03
3.024529320244229331e-03
2.959033884327814338e-03
2.893538448411398911e-03
2.828043012494984351e-03
2.762547576578568923e-03
2.697052140662153496e-03
2.631556704745738069e-03
2.416541205993086219e-03
2.201525707117229103e-03
1.986510208241371988e-03
1.771494709365514656e-03
1.556479210489657540e-03
1.341463711613800425e-03
1.126448212737943310e-03
9.114327138620861943e-04
6.964172149862289706e-04
4.814017161103718552e-04
2.663862172345147399e-04
5.137071835865761777e-05
-2.212070003198529612e-04
-4.937847190464231392e-04
-7.663624377729932359e-04
-1.038940156499563441e-03
-1.311517875226133429e-03
-1.584095593952703634e-03
-1.856673312679273840e-03
-2.129251031405844045e-03
-2.401828750132414033e-03
-2.674406468858984455e-03
-2.946984187585554443e-03
-3.219561906312124865e-03
-3.214212887880091643e-03
-3.208863869212979971e-03
-3.203514850545868733e-03
-3.198165831878757061e-03
-3.192816813211645822e-03
-3.187467794544534151e-03
-3.182118775877422912e-03
-3.176769757210311240e-03
-3.171420738543199568e-03
-3.166071719876088330e-03
-3.160722701208976658e-03
-3.155373682541865420e-03
-2.901471172892996012e-03
-2.647568663031179756e-03
-2.393666153169363934e-03
-2.139763643307547245e-03
-1.885861133445730989e-03
-1.631958623583914950e-03
-1.378056113722098694e-03
-1.124153603860282439e-03
-8.702510939984659660e-04
-6.163485841366497103e-04
-3.624460742748335631e-04
-1.085435644130173209e-04
-1.720155723271270688e-04
-2.354875805166092471e-04
-2.989595887060914254e-04
-3.624315968955735224e-04
-4.259036050850556736e-04
-4.893756132745378249e-04
-5.528476214640199761e-04
-6.163196296535021273e-04
-6.797916378429842785e-04
-7.432636460324665382e-04
-8.067356542219485810e-04
-8.702076624114307322e-04
-8.876529353188743849e-04
-9.050982081858801155e-04
-9.225434810528858462e-04
-9.399887539198916852e-04
-9.574340267868974158e-04
-9.748792996539031464e-04
-9.923245725209090939e-04
-1.009769845387914824e-03
-1.027215118254920555e-03
-1.044660391121926286e-03
-1.062105663988932016e-03
-1.079550936855937747e-03
-8.852775115747665586e-04
-6.910040861052745486e-04
-4.967306606357825387e-04
-3.024572351662905287e-04
-1.081838096967984917e-04
8.608961577269353186e-05
2.803630412421856638e-04
4.746364667116775653e-04
6.689098921811697379e-04
8.631833176506616395e-04
1.057456743120153758e-03
1.251730168589645659e-03
1.380850281051539119e-03
1.509970393454768784e-03
1.639090505857998233e-03
1.768210618261227898e-03
1.897330730664457347e-03
2.026450843067687229e-03
2.155570955470916244e-03
2.284691067874145692e-03
2.413811180277375575e-03
2.542931292680605023e-03
2.672051405083834472e-03
2.801171517487063920e-03
2.726199448468468421e-03
2.651227379263880208e-03
2.576255310059291995e-03
2.501283240854704649e-03
2.426311171650116436e-03
2.351339102445529090e-03
2.276367033240940876e-03
2.201394964036352663e-03
2.126422894831764884e-03
2.051450825627177104e-03
1.976478756422589324e-03
1.901506687218001545e-03
1.790601936864260821e-03
1.679697186477382108e-03
1.568792436090503395e-03
1.457887685703624682e-03
1.346982935316745969e-03
1.236078184929867256e-03
1.125173434542988543e-03
1.014268684156109830e-03
9.033639337692312256e-04
7.924591833823525127e-04
6.815544329954737997e-04
5.706496826085951952e-04
2.560185375764263541e-04
-5.861260764584786461e-05
-3.732437528681221647e-04
-6.878748980903964241e-04
-1.002506043312670738e-03
-1.317137188534944943e-03
-1.631768333757219365e-03
-1.946399478979493570e-03
-2.261030624201767775e-03
-2.575661769424042197e-03
-2.890292914646316186e-03
-3.204924059868590174e-03
-3.513299341010913193e-03
-3.821674622147330780e-03
-4.130049903283747499e-03
-4.438425184420165086e-03
-4.746800465556581805e-03
-5.055175746692998524e-03
-5.363551027829415244e-03
-5.671926308965831963e-03
-5.980301590102249550e-03
-6.288676871238667136e-03
-6.597052152375082988e-03
-6.905427433511500575e-03
-7.036470988673504574e-03
-7.167514543666162266e-03
-7.298558098658820825e-03
-7.429601653651478517e-03
-7.560645208644136209e-03
-7.691688763636793900e-03
-7.822732318629451592e-03
-7.953775873622110151e-03
-8.084819428614768710e-03
-8.215862983607425535e-03
-8.346906538600082359e-03
-8.477950093592742653e-03
-8.682554326169525730e-03
-8.887158558817361345e-03
-9.091762791465196961e-03
-9.296367024113030841e-03
-9.500971256760866457e-03
-9.705575489408700338e-03
-9.910179722056535953e-03
-1.011478395470436983e-02
-1.031938818735220545e-02
-1.052399242000004106e-02
-1.072859665264787668e-02
-1.093320088529571230e-02
-1.111164596583286840e-02
-1.129009104634447549e-02
-1.146853612685607912e-02
-1.164698120736768448e-02
-1.182542628787928984e-02
-1.200387136839089521e-02
-1.218231644890249883e-02
-1.236076152941410593e-02
-1.253920660992571129e-02
-1.271765169043731492e-02
-1.289609677094892201e-02
-1.307454185146052564e-02
-1.327590891674020751e-02
-1.347727598204253099e-02
-1.367864304734485448e-02
-1.388001011264717449e-02
-1.408137717794949798e-02
-1.428274424325182146e-02
-1.448411130855414321e-02
-1.468547837385646669e-02
-1.488684543915878844e-02
-1.508821250446111192e-02
-1.528957956976343367e-02
-1.549094663506575542e-02
-1.549435089846554030e-02
-1.549775516166763088e-02
-1.550115942486972494e-02
-1.550456368807181726e-02
-1.550796795127390784e-02
-1.551137221447600190e-02
-1.551477647767809248e-02
-1.551818074088018654e-02
-1.552158500408227886e-02
-1.552498926728437117e-02
-1.552839353048646349e-02
-1.553179779368855581e-02
-1.546048622242023572e-02
-1.538917465107648638e-02
-1.531786307973273878e-02
-1.524655150838898944e-02
-1.517523993704524010e-02
-1.510392836570149076e-02
-1.503261679435774316e-02
-1.496130522301399209e-02
-1.488999365167024275e-02
-1.481868208032649514e-02
-1.474737050898274580e-02
-1.467605893763899647e-02
-1.473862228481629538e-02
-1.480118563213020724e-02
-1.486374897944412084e-02
-1.492631232675803270e-02
-1.498887567407194456e-02
-1.505143902138585468e-02
-1.511400236869976828e-02
-1.517656571601368014e-02
-1.523912906332759200e-02
-1.530169241064150212e-02
-1.536425575795541398e-02
-1.542681910526932758e-02
-1.555481368427960066e-02
-1.568280826335735970e-02
-1.581080284243511699e-02
-1.593879742151287429e-02
-1.606679200059063506e-02
-1.619478657966839236e-02
-1.632278115874614965e-02
-1.645077573782390695e-02
-1.657877031690166772e-02
-1.670676489597942502e-02
-1.683475947505718232e-02
-1.696275405413493961e-02
-1.707915864072742998e-02
-1.719556322730783973e-02
-1.731196781388824948e-02
-1.742837240046865577e-02
-1.754477698704906552e-02
-1.766118157362947180e-02
-1.777758616020988156e-02
-1.789399074679029131e-02
-1.801039533337070106e-02
-1.812679991995110734e-02
-1.824320450653151710e-02
-1.835960909311192338e-02
-1.861909751789285472e-02
-1.887858594282447802e-02
-1.913807436775610479e-02
-1.939756279268772463e-02
-1.965705121761934793e-02
-1.991653964255097470e-02
-2.017602806748259800e-02
-2.043551649241422130e-02
-2.069500491734584460e-02
-2.095449334227747137e-02
-2.121398176720909468e-02
-2.147347019214071798e-02
-2.182895354268263310e-02
-2.218443689332669222e-02
-2.253992024397075133e-02
-2.289540359461481739e-02
-2.325088694525887650e-02
-2.360637029590293909e-02
-2.396185364654699820e-02
-2.431733699719106079e-02
-2.467282034783512337e-02
-2.502830369847918596e-02
-2.538378704912324854e-02
-2.573927039976730766e-02
-2.591379187812311788e-02
-2.608831335628438927e-02
-2.626283483444566413e-02
-2.643735631260693206e-02
-2.661187779076820345e-02
-2.678639926892947484e-02
-2.696092074709074624e-02
-2.713544222525201763e-02
-2.730996370341328902e-02
-2.748448518157456041e-02
-2.765900665973583528e-02
-2.783352813789710667e-02
-2.797000084424530048e-02
-2.810647355055218011e-02
-2.824294625685905627e-02
-2.837941896316593243e-02
-2.851589166947280859e-02
-2.865236437577969170e-02
-2.878883708208656786e-02
-2.892530978839344402e-02
-2.906178249470032365e-02
-2.919825520100719982e-02
-2.933472790731407598e-02
-2.947120061362095561e-02
-2.951171402816907610e-02
-2.955222744261194745e-02
-2.959274085705481880e-02
-2.963325427149768668e-02
-2.967376768594055803e-02
-2.971428110038342937e-02
-2.975479451482629725e-02
-2.979530792926916513e-02
-2.983582134371203301e-02
-2.987633475815490436e-02
-2.991684817259777571e-02
-2.995736158704064359e-02
-2.991934510631899871e-02
-2.988132862551035746e-02
-2.984331214470172314e-02
-2.980529566389308188e-02
-2.976727918308444062e-02
-2.972926270227580284e-02
-2.969124622146716158e-02
-2.965322974065852379e-02
-2.961521325984988601e-02
-2.957719677904124475e-02
-2.953918029823260349e-02
-2.950116381742396571e-02
-2.946353098438917600e-02
-2.942589815135481304e-02
-2.938826531832045355e-02
-2.935063248528609059e-02
-2.931299965225173110e-02
-2.927536681921736814e-02
-2.923773398618300517e-02
-2.920010115314864568e-02
-2.916246832011428272e-02
-2.912483548707992323e-02
-2.908720265404556027e-02
-2.904956982101120078e-02
-2.894612356046874155e-02
-2.884267729985194942e-02
-2.873923103923515035e-02
-2.863578477861835475e-02
-2.853233851800155915e-02
-2.842889225738476355e-02
-2.832544599676796448e-02
-2.822199973615116889e-02
-2.811855347553437329e-02
-2.801510721491757769e-02
-2.791166095430077862e-02
-2.780821469368398649e-02
-2.788911390536615714e-02
-2.797001311725857628e-02
-2.805091232915099542e-02
-2.813181154104341802e-02
-2.821271075293584063e-02
-2.829360996482825977e-02
-2.837450917672067890e-02
-2.845540838861309804e-02
-2.853630760050551718e-02
-2.861720681239793632e-02
-2.869810602429035892e-02
-2.877900523618277806e-02
-2.898825690444284398e-02
-2.919750857285069445e-02
-2.940676024125854493e-02
-2.961601190966639541e-02
-2.982526357807424935e-02
-3.003451524648209983e-02
-3.024376691488995378e-02
-3.045301858329780079e-02
-3.066227025170565473e-02
-3.087152192011350521e-02
-3.108077358852135569e-02
-3.129002525692920617e-02
-3.162641325346756543e-02
-3.196280125015370233e-02
-3.229918924683983228e-02
-3.263557724352596917e-02
-3.297196524021209912e-02
-3.330835323689823602e-02
-3.364474123358436597e-02
-3.398112923027050286e-02
-3.431751722695663281e-02
-3.465390522364276277e-02
-3.499029322032889966e-02
-3.532668121701503655e-02
-3.581179347390765766e-02
-3.629690573097476419e-02
-3.678201798804187767e-02
-3.726713024510898420e-02
-3.775224250217609073e-02
-3.823735475924320421e-02
-3.872246701631031768e-02
-3.920757927337742421e-02
-3.969269153044453768e-02
-4.017780378751165116e-02
-4.066291604457876463e-02
-4.114802830164586422e-02
-4.149591857278141227e-02
-4.184380884375446530e-02
-4.219169911472751833e-02
-4.253958938570056442e-02
-4.288747965667361745e-02
-4.323536992764667047e-02
-4.358326019861972350e-02
-4.393115046959276959e-02
-4.427904074056582262e-02
-4.462693101153887565e-02
-4.497482128251193562e-02
-4.532271155348498171e-02
-4.532127874800792600e-02
-4.531984594211339173e-02
-4.531841313621887135e-02
-4.531698033032434403e-02
-4.531554752442981671e-02
-4.531411471853529632e-02
-4.531268191264076900e-02
-4.531124910674623474e-02
-4.530981630085170742e-02
-4.530838349495718703e-02
-4.530695068906265971e-02
-4.530551788316813239e-02
-4.491011522712963500e-02
-4.451471257061601072e-02
-4.411930991410240033e-02
-4.372390725758877605e-02
-4.332850460107515178e-02
-4.293310194456152751e-02
-4.253769928804791017e-02
-4.214229663153429284e-02
-4.174689397502066857e-02
-4.135149131850705123e-02
-4.095608866199342696e-02
-4.056068600547980268e-02
-4.001502848519220001e-02
-3.946937096472175055e-02
-3.892371344425129415e-02
-3.837805592378084468e-02
-3.783239840331038828e-02
-3.728674088283993882e-02
-3.674108336236948241e-02
-3.619542584189903295e-02
-3.564976832142857655e-02
-3.510411080095812708e-02
-3.455845328048767068e-02
-3.401279576001722121e-02
-3.177462074236674788e-02
-2.953644572263817297e-02
-2.729827070290959806e-02
-2.506009568318101968e-02
-2.282192066345244477e-02
-2.058374564372386639e-02
-1.834557062399528801e-02
-1.610739560426671657e-02
-1.386922058453814166e-02
-1.163104556480956675e-02
-9.392870545080986636e-03
-7.154695525352410858e-03
-3.870792591516875047e-03
-5.868896563859610444e-04
2.697013278744951875e-03
5.980916213875866853e-03
9.264819149006779664e-03
1.254872208413769508e-02
1.583262501926860702e-02
1.911652795439952243e-02
2.240043088953043784e-02
2.568433382466134979e-02
2.896823675979226173e-02
3.225213969492318061e-02
3.340847559268034228e-02
3.456481148777880430e-02
3.572114738287726632e-02
3.687748327797572834e-02
3.803381917307419036e-02
3.919015506817265238e-02
4.034649096327110745e-02
4.150282685836956947e-02
4.265916275346803149e-02
4.381549864856649351e-02
4.497183454366495553e-02
4.612817043876341755e-02
4.601583346221053278e-02
4.590349648405841337e-02
4.579115950590628703e-02
4.567882252775416763e-02
4.556648554960204822e-02
4.545414857144992188e-02
4.534181159329780941e-02
4.522947461514569001e-02
4.511713763699357060e-02
4.500480065884144426e-02
4.489246368068932486e-02
4.478012670253720545e-02
4.419817865771890480e-02
4.361623061230351234e-02
4.303428256688811987e-02
4.245233452147272740e-02
4.187038647605733493e-02
4.128843843064193553e-02
4.070649038522654306e-02
4.012454233981115059e-02
3.954259429439575119e-02
3.896064624898035178e-02
3.837869820356495931e-02
3.779675015814956685e-02
3.791456803800401926e-02
3.803238591875584412e-02
3.815020379950767593e-02
3.826802168025950079e-02
3.838583956101132566e-02
3.850365744176315053e-02
3.862147532251497539e-02
3.873929320326679332e-02
3.885711108401861819e-02
3.897492896477044305e-02
3.909274684552226792e-02
3.921056472627409278e-02
3.972382838900991725e-02
4.023709205225717289e-02
4.075035571550442853e-02
4.126361937875168417e-02
4.177688304199893982e-02
4.229014670524620240e-02
4.280341036849345110e-02
4.331667403174070674e-02
4.382993769498796238e-02
4.434320135823522496e-02
4.485646502148247367e-02
4.536972868472972931e-02
4.488076973765069838e-02
4.439181078926455332e-02
4.390285184087840131e-02
4.341389289249225625e-02
4.292493394410611118e-02
4.243597499571995918e-02
4.194701604733381411e-02
4.145805709894767599e-02
4.096909815056152399e-02
4.048013920217537892e-02
3.999118025378923386e-02
3.950222130540308185e-02
3.854075530254340992e-02
3.757928929906231841e-02
3.661782329558123383e-02
3.565635729210014926e-02
3.469489128861906468e-02
3.373342528513798011e-02
3.277195928165688860e-02
3.181049327817580402e-02
3.084902727469471945e-02
2.988756127121363487e-02
2.892609526773254683e-02
2.796462926425145878e-02
2.708936924255939474e-02
2.621410922098164203e-02
2.533884919940388933e-02
2.446358917782613315e-02
2.358832915624838045e-02
2.271306913467062774e-02
2.183780911309287157e-02
2.096254909151511886e-02
2.008728906993736615e-02
1.921202904835961345e-02
1.833676902678186074e-02
1.746150900520410457e-02
1.706298742266655274e-02
1.666446584076637649e-02
1.626594425886620024e-02
1.586742267696602399e-02
1.546890109506584600e-02
1.507037951316566975e-02
1.467185793126549349e-02
1.427333634936531724e-02
1.387481476746514446e-02
1.347629318556496821e-02
1.307777160366479195e-02
1.267925002176461570e-02
1.268749090251028097e-02
1.269573178380420907e-02
1.270397266509813716e-02
1.271221354639206699e-02
1.272045442768599509e-02
1.272869530897992318e-02
1.273693619027385475e-02
1.274517707156778284e-02
1.275341795286171094e-02
1.276165883415563904e-02
1.276989971544956887e-02
1.277814059674349696e-02
1.372626181793556478e-02
1.467438304040472562e-02
1.562250426287388992e-02
1.657062548534305249e-02
1.751874670781221333e-02
1.846686793028137416e-02
1.941498915275053846e-02
2.036311037521970277e-02
2.131123159768886360e-02
2.225935282015802791e-02
2.320747404262718527e-02
2.415559526509634958e-02
2.409182730436942518e-02
2.402805934225651571e-02
2.396429138014360971e-02
2.390052341803070024e-02
2.383675545591779077e-02
2.377298749380488130e-02
2.370921953169197530e-02
2.364545156957906583e-02
2.358168360746615635e-02
2.351791564535324688e-02
2.345414768324033741e-02
2.339037972112743141e-02
2.278455213306415650e-02
2.217872454425250453e-02
2.157289695544085603e-02
2.096706936662920753e-02
2.036124177781755903e-02
1.975541418900590707e-02
1.914958660019425857e-02
1.854375901138261007e-02
1.793793142257096157e-02
1.733210383375931307e-02
1.672627624494766110e-02
1.612044865613601261e-02
1.559063359261847297e-02
1.506081852920670636e-02
1.453100346579493975e-02
1.400118840238317487e-02
1.347137333897141000e-02
1.294155827555964339e-02
1.241174321214787678e-02
1.188192814873611017e-02
1.135211308532434356e-02
1.082229802191257695e-02
1.029248295850081034e-02
9.762667895089047199e-03
9.312582649869049004e-03
8.862497404760867614e-03
8.412412159652686225e-03
7.962326914544504836e-03
7.512241669436324314e-03
7.062156424328143792e-03
6.612071179219963270e-03
6.161985934111781880e-03
5.711900689003602226e-03
5.261815443895419969e-03
4.811730198787240315e-03
4.361644953679058925e-03
3.821042162030253552e-03
3.280439370253514925e-03
2.739836578476776731e-03
2.199233786700038537e-03
1.658630994923299910e-03
1.118028203146561499e-03
5.774254113698227631e-04
3.682261959308434570e-05
-5.037801721836535161e-04
-1.044382963960391927e-03
-1.584985755737131205e-03
-2.125588547513869615e-03
-2.569586771896789548e-03
-3.013584996142118586e-03
-3.457583220387448492e-03
-3.901581444632777531e-03
-4.345579668878107003e-03
-4.789577893123436909e-03
-5.233576117368765081e-03
-5.677574341614094987e-03
-6.121572565859424893e-03
-6.565570790104753064e-03
-7.009569014350082970e-03
-7.453567238595412876e-03
-5.081597324930429982e-03
-2.709627407224018871e-03
-3.376574895176087904e-04
2.034312428188802483e-03
4.406282345895212726e-03
6.778252263601623404e-03
9.150222181308035815e-03
1.152219209901444823e-02
1.389416201672085717e-02
1.626613193442726785e-02
1.863810185213367679e-02
2.101007176984008920e-02
2.414703778385421037e-02
2.728400379897459246e-02
3.042096981409497455e-02
3.355793582921535317e-02
3.669490184433574220e-02
3.983186785945611041e-02
4.296883387457649944e-02
4.610579988969688153e-02
4.924276590481726362e-02
5.237973191993763877e-02
5.551669793505802086e-02
5.865366395017840295e-02
5.893309899881706698e-02
5.921253404329226977e-02
5.949196908776747256e-02
5.977140413224267534e-02
6.005083917671787813e-02
6.033027422119308092e-02
6.060970926566828371e-02
6.088914431014348649e-02
6.116857935461868928e-02
6.144801439909389207e-02
6.172744944356910179e-02
6.200688448804430458e-02
6.137409598751717571e-02
6.074130748565096521e-02
6.010851898378475472e-02
5.947573048191854422e-02
5.884294198005234067e-02
5.821015347818613711e-02
5.757736497631992661e-02
5.694457647445371612e-02
5.631178797258751256e-02
5.567899947072130901e-02
5.504621096885509851e-02
5.441342246698888802e-02
5.396747391202908611e-02
5.352152535734558403e-02
5.307557680266208888e-02
5.262962824797858680e-02
5.218367969329508471e-02
5.173773113861158957e-02
5.129178258392809442e-02
5.084583402924459927e-02
5.039988547456109719e-02
4.995393691987759510e-02
4.950798836519409996e-02
4.906203981051059787e-02
4.850312234099558167e-02
4.794420487131226261e-02
4.738528740162895742e-02
4.682636993194564529e-02
4.626745246226232622e-02
4.570853499257901409e-02
4.514961752289570196e-02
4.459070005321238983e-02
4.403178258352907076e-02
4.347286511384575863e-02
4.291394764416244650e-02
4.235503017447913437e-02
4.161243650411435013e-02
4.086984283347393221e-02
4.012724916283351428e-02
3.938465549219308942e-02
3.864206182155267844e-02
3.789946815091226051e-02
3.715687448027184259e-02
3.641428080963141772e-02
3.567168713899099980e-02
3.492909346835058187e-02
3.418649979771016395e-02
3.344390612706974603e-02
3.263299304135960227e-02
3.182207995554618696e-02
3.101116686973277164e-02
3.020025378391935633e-02
2.938934069810593755e-02
2.857842761229252571e-02
2.776751452647911039e-02
2.695660144066569161e-02
2.614568835485227630e-02
2.533477526903886445e-02
2.452386218322544567e-02
2.371294909741203730e-02
2.312313498624608485e-02
2.253332087541675896e-02
2.194350676458742960e-02
2.135369265375810371e-02
2.076387854292877783e-02
2.017406443209944847e-02
1.958425032127012258e-02
1.899443621044079669e-02
1.840462209961147080e-02
1.781480798878214145e-02
1.722499387795281556e-02
1.663517976712348967e-02
1.874384517532319896e-02
2.085251058766078233e-02
2.296117599999836223e-02
2.506984141233594213e-02
2.717850682467352202e-02
2.928717223701110192e-02
3.139583764934868182e-02
3.350450306168626519e-02
3.561316847402384855e-02
3.772183388636143192e-02
3.983049929869900835e-02
4.193916471103658478e-02
4.730301345209869668e-02
5.266686219818785680e-02
5.803071094427702387e-02
6.339455969036618399e-02
6.875840843645535105e-02
7.412225718254450424e-02
7.948610592863367130e-02
8.484995467472282449e-02
9.021380342081199155e-02
9.557765216690117249e-02
1.009415009129903257e-01
1.063053496590794789e-01
1.069829465940578400e-01
1.076605435217479756e-01
1.083381404494380973e-01
1.090157373771282329e-01
1.096933343048183684e-01
1.103709312325084901e-01
1.110485281601986257e-01
1.117261250878887474e-01
1.124037220155788830e-01
1.130813189432690047e-01
1.137589158709591541e-01
1.144365127986492758e-01
1.135195673715348741e-01
1.126026219419232061e-01
1.116856765123115242e-01
1.107687310826998422e-01
1.098517856530881742e-01
1.089348402234764923e-01
1.080178947938647965e-01
1.071009493642531146e-01
1.061840039346414466e-01
1.052670585050297647e-01
1.043501130754180828e-01
1.034331676458064009e-01
1.022099302383891600e-01
1.009866928304888611e-01
9.976345542258856225e-02
9.854021801468827724e-02
9.731698060678797835e-02
9.609374319888770721e-02
9.487050579098740832e-02
9.364726838308712331e-02
9.242403097518682442e-02
9.120079356728652553e-02
8.997755615938624052e-02
8.875431875148594163e-02
8.768469043315586797e-02
8.661506211506971031e-02
8.554543379698356653e-02
8.447580547889740887e-02
8.340617716081126509e-02
8.233654884272512131e-02
8.126692052463897753e-02
8.019729220655281987e-02
7.912766388846666221e-02
7.805803557038051843e-02
7.698840725229436077e-02
7.591877893420821699e-02
7.492196099125433828e-02
7.392514304841689421e-02
7.292832510557943626e-02
7.193150716274197831e-02
7.093468921990452036e-02
6.993787127706707629e-02
6.894105333422961834e-02
6.794423539139216039e-02
6.694741744855470245e-02
6.595059950571724450e-02
6.495378156287978655e-02
6.395696362004234248e-02
6.296803514188543949e-02
6.197910666374123467e-02
6.099017818559703680e-02
6.000124970745283198e-02
5.901232122930863411e-02
5.802339275116442929e-02
5.703446427302022448e-02
5.604553579487603354e-02
5.505660731673182873e-02
5.406767883858763085e-02
5.307875036044342604e-02
5.208982188229922816e-02
5.114330002349487536e-02
5.019677816475924537e-02
4.925025630602362925e-02
4.830373444728799925e-02
4.735721258855238314e-02
4.641069072981675314e-02
4.546416887108113702e-02
4.451764701234551397e-02
4.357112515360989091e-02
4.262460329487426092e-02
4.167808143613864480e-02
4.073155957740302174e-02
3.989964301021722143e-02
3.906772644321841736e-02
3.823580987621960636e-02
3.740389330922080230e-02
3.657197674222199824e-02
3.574006017522319417e-02
3.490814360822439011e-02
3.407622704122557911e-02
3.324431047422678198e-02
3.241239390722797098e-02
3.158047734022916692e-02
3.074856077323036285e-02
3.011284649788219595e-02
2.947713222285630597e-02
2.884141794783041252e-02
2.820570367280451907e-02
2.756998939777862909e-02
2.693427512275273564e-02
2.629856084772684219e-02
2.566284657270094874e-02
2.502713229767505529e-02
2.439141802264916184e-02
2.375570374762326839e-02
2.311998947259737841e-02
2.259625830577412578e-02
2.207252713913603753e-02
2.154879597249794235e-02
2.102506480585985063e-02
2.050133363922175891e-02
1.997760247258366720e-02
1.945387130594557895e-02
1.893014013930748377e-02
1.840640897266939205e-02
1.788267780603130033e-02
1.735894663939320862e-02
1.683521547275512037e-02
1.661681233619941370e-02
1.639840920015188733e-02
1.618000606410436096e-02
1.596160292805683459e-02
1.574319979200930822e-02
1.552479665596178358e-02
1.530639351991425895e-02
1.508799038386673431e-02
1.486958724781920795e-02
1.465118411177168331e-02
1.443278097572415694e-02
1.421437783967663231e-02
1.402598449384485912e-02
1.383759114806335996e-02
1.364919780228186080e-02
1.346080445650036164e-02
1.327241111071886248e-02
1.308401776493736506e-02
1.289562441915586589e-02
1.270723107337436500e-02
1.251883772759286757e-02
1.233044438181136841e-02
1.214205103602986925e-02
1.195365769024837183e-02
1.189758858954122721e-02
1.184151948905720966e-02
1.178545038857319385e-02
1.172938128808917457e-02
1.167331218760515876e-02
1.161724308712113948e-02
1.156117398663712367e-02
1.150510488615310786e-02
1.144903578566908858e-02
1.139296668518507277e-02
1.133689758470105523e-02
1.128082848421703768e-02
1.128908784460284746e-02
1.129734720509783207e-02
1.130560656559281667e-02
1.131386592608780300e-02
1.132212528658278761e-02
1.133038464707777221e-02
1.133864400757275508e-02
1.134690336806773968e-02
1.135516272856272428e-02
1.136342208905770888e-02
1.137168144955269349e-02
1.137994081004767635e-02
1.137585789883490545e-02
1.137177498760105245e-02
1.136769207636720118e-02
1.136360916513334644e-02
1.135952625389949344e-02
1.135544334266564044e-02
1.135136043143178744e-02
1.134727752019793617e-02
1.134319460896408317e-02
1.133911169773023017e-02
1.133502878649637544e-02
1.133094587526252417e-02
1.153471123829900337e-02
1.173847660169276448e-02
1.194224196508652559e-02
1.214600732848028670e-02
1.234977269187404782e-02
1.255353805526780546e-02
1.275730341866156657e-02
1.296106878205532768e-02
1.316483414544908706e-02
1.336859950884284817e-02
1.357236487223660928e-02
1.377613023563037040e-02
1.408569377840388284e-02
1.439525732136041035e-02
1.470482086431693959e-02
1.501438440727346710e-02
1.532394795022999461e-02
1.563351149318652211e-02
1.594307503614305135e-02
1.625263857909958060e-02
1.656220212205610984e-02
1.687176566501263908e-02
1.718132920796916832e-02
1.749089275092569409e-02
1.754109950168830645e-02
1.759130625199943621e-02
1.764151300231056943e-02
1.769171975262169919e-02
1.774192650293282894e-02
1.779213325324395870e-02
1.784234000355509192e-02
1.789254675386622168e-02
1.794275350417735143e-02
1.799296025448848466e-02
1.804316700479961441e-02
1.809337375511074417e-02
1.819399299915056695e-02
1.829461224327869756e-02
1.839523148740682471e-02
1.849585073153495532e-02
1.859646997566307899e-02
1.869708921979120961e-02
1.879770846391933675e-02
1.889832770804746737e-02
1.899894695217559451e-02
1.909956619630372512e-02
1.920018544043185227e-02
1.930080468455998288e-02
1.933099105208083493e-02
1.936117741947754323e-02
1.939136378687424805e-02
1.942155015427095635e-02
1.945173652166766465e-02
1.948192288906437294e-02
1.951210925646108124e-02
1.954229562385778607e-02
1.957248199125449437e-02
1.960266835865120266e-02
1.963285472604791096e-02
1.966304109344461579e-02
1.965826828048547470e-02
1.965349546746433460e-02
1.964872265444319449e-02
1.964394984142205092e-02
1.963917702840091081e-02
1.963440421537977071e-02
1.962963140235863060e-02
1.962485858933748703e-02
1.962008577631634693e-02
1.961531296329520682e-02
1.961054015027406672e-02
1.960576733725292661e-02
1.957265249639219412e-02
1.953953765548088750e-02
1.950642281456958435e-02
1.947330797365827773e-02
1.944019313274697111e-02
1.940707829183566449e-02
1.937396345092436134e-02
1.934084861001305819e-02
1.930773376910174810e-02
1.927461892819044495e-02
1.924150408727913833e-02
1.920838924636783518e-02
1.917968419842694394e-02
1.915097915049397345e-02
1.912227410256099949e-02
1.909356905462802900e-02
1.906486400669505851e-02
1.903615895876208802e-02
1.900745391082911406e-02
1.897874886289614357e-02
1.895004381496317308e-02
1.892133876703019912e-02
1.889263371909722863e-02
1.886392867116425814e-02
1.881898854868380849e-02
1.877404842617402814e-02
1.872910830366425472e-02
1.868416818115447436e-02
1.863922805864469748e-02
1.859428793613492059e-02
1.854934781362514024e-02
1.850440769111536682e-02
1.845946756860558646e-02
1.841452744609581305e-02
1.836958732358603269e-02
1.832464720107625927e-02
1.827970707856652402e-02
1.823476695605678877e-02
1.818982683354705351e-02
1.814488671103732173e-02
1.809994658852758648e-02
1.805500646601785469e-02
1.801006634350811944e-02
1.796512622099838419e-02
1.792018609848864893e-02
1.787524597597891715e-02
1.783030585346918190e-02
1.778536573095945011e-02
1.774042560844971139e-02
1.769548548593997961e-02
1.765054536343024436e-02
1.760560524092051257e-02
1.756066511841077732e-02
