-3.689232062750821828e-02
-3.692690222060090316e-02
-3.696148381369358804e-02
-3.699606540678627986e-02
-3.703064699987896474e-02
-3.706522859297164962e-02
-3.709981018606434144e-02
-3.717525668969305641e-02
-3.725070319332199342e-02
-3.732614969695092350e-02
-3.740159620057986051e-02
-3.747704270420879752e-02
-3.755248920783773453e-02
-3.762793571146667154e-02
-3.770338221509561549e-02
-3.777882871872454557e-02
-3.785427522235348258e-02
-3.792972172598242653e-02
-3.800516822961135660e-02
-3.818481786884053708e-02
-3.836446750807142453e-02
-3.854411714730231198e-02
-3.872376678653318555e-02
-3.890341642576407299e-02
-3.908306606499496044e-02
-3.926271570422584789e-02
-3.944236534345673534e-02
-3.962201498268761585e-02
-3.980166462191849636e-02
-3.998131426114938380e-02
-4.016096390038027125e-02
-4.027808147884722606e-02
-4.039519905731247390e-02
-4.051231663577772174e-02
-4.062943421424296958e-02
-4.074655179270822436e-02
-4.086366937117347220e-02
-4.098078694963872004e-02
-4.109790452810396788e-02
-4.121502210656922266e-02
-4.133213968503447050e-02
-4.144925726349971834e-02
-4.156637484196496618e-02
-4.168256696825447388e-02
-4.179875909454393301e-02
-4.191495122083340602e-02
-4.203114334712286515e-02
-4.214733547341233122e-02
-4.226352759970179729e-02
-4.237971972599126336e-02
-4.249591185228072249e-02
-4.261210397857019549e-02
-4.272829610485965462e-02
-4.284448823114912763e-02
-4.296068035743858676e-02
-4.288378702520030672e-02
-4.280689369295254121e-02
-4.273000036070477570e-02
-4.265310702845701712e-02
-4.257621369620925161e-02
-4.249932036396148610e-02
-4.242242703171372059e-02
-4.234553369946596202e-02
-4.226864036721818957e-02
-4.219174703497043100e-02
-4.211485370272266548e-02
-4.203796037047490691e-02
-3.971749750016721064e-02
-3.739703462972484432e-02
-3.507657175928247800e-02
-3.275610888884011168e-02
-3.043564601839774536e-02
-2.811518314795538251e-02
-2.579472027751300925e-02
-2.347425740707064987e-02
-2.115379453662828355e-02
-1.883333166618591376e-02
-1.651286879574354743e-02
-1.419240592530118285e-02
-1.112199905895308594e-02
-8.051592192551788527e-03
-4.981185326150491983e-03
-1.910778459749194790e-03
1.159628406652103488e-03
4.230035273053399381e-03
7.300442139454695924e-03
1.037084900585599594e-02
1.344125587225729161e-02
1.651166273865858902e-02
1.958206960505988470e-02
2.265247647146118384e-02
2.316137196195542508e-02
2.367026745223999376e-02
2.417916294252456591e-02
2.468805843280913806e-02
2.519695392309371021e-02
2.570584941337827889e-02
2.621474490366285104e-02
2.672364039394741972e-02
2.723253588423199534e-02
2.774143137451656402e-02
2.825032686480113617e-02
2.875922235508570485e-02
2.805292045623014943e-02
2.734661855726186822e-02
2.664031665829358006e-02
2.593401475932529537e-02
2.522771286035700722e-02
2.452141096138871906e-02
2.381510906242043438e-02
2.310880716345214622e-02
2.240250526448386501e-02
2.169620336551557685e-02
2.098990146654729216e-02
2.028359956757900401e-02
1.927343215498924719e-02
1.826326474236798433e-02
1.725309732974672494e-02
1.624292991712546208e-02
1.523276250450420269e-02
1.422259509188293983e-02
1.321242767926167870e-02
1.220226026664041584e-02
1.119209285401915298e-02
1.018192544139789359e-02
9.171758028776630725e-03
8.161590616155367864e-03
7.225545987154345998e-03
6.289501358161818205e-03
5.353456729169289545e-03
4.417412100176760885e-03
3.481367471184232659e-03
2.545322842191703998e-03
1.609278213199175555e-03
6.732335842066472205e-04
-2.628110447858810600e-04
-1.198855673778409341e-03
-2.134900302770936700e-03
-3.070944931763464926e-03
-3.083325524252399780e-03
-3.095706116625403931e-03
-3.108086708998408516e-03
-3.120467301371412667e-03
-3.132847893744417252e-03
-3.145228486117421403e-03
-3.157609078490425554e-03
-3.169989670863430573e-03
-3.182370263236434724e-03
-3.194750855609439309e-03
-3.207131447982443460e-03
-3.219512040355448045e-03
-3.469414940399106768e-03
-3.719317840475169692e-03
-3.969220740551232182e-03
-4.219123640627295106e-03
-4.469026540703358030e-03
-4.718929440779420087e-03
-4.968832340855482144e-03
-5.218735240931545935e-03
-5.468638141007607992e-03
-5.718541041083670916e-03
-5.968443941159733840e-03
-6.218346841235795897e-03
-6.630525367781715633e-03
-7.042703894351545930e-03
-7.454882420921376228e-03
-7.867060947491205658e-03
-8.279239474061035955e-03
-8.691418000630864518e-03
-9.103596527200694816e-03
-9.515775053770525113e-03
-9.927953580340355411e-03
-1.034013210691018224e-02
-1.075231063348001254e-02
-1.116448916004984283e-02
-1.167996104538521034e-02
-1.219543293073692587e-02
-1.271090481608864141e-02
-1.322637670144035521e-02
-1.374184858679206901e-02
-1.425732047214378455e-02
-1.477279235749550008e-02
-1.528826424284721389e-02
-1.580373612819892595e-02
-1.631920801355064149e-02
-1.683467989890235703e-02
-1.735015178425407256e-02
-1.780244185023496101e-02
-1.825473191620516356e-02
-1.870702198217536610e-02
-1.915931204814556865e-02
-1.961160211411577120e-02
-2.006389218008597375e-02
-2.051618224605617283e-02
-2.096847231202637538e-02
-2.142076237799657792e-02
-2.187305244396678047e-02
-2.232534250993698302e-02
-2.277763257590718904e-02
-2.315640858187558576e-02
-2.353518458783075001e-02
-2.391396059378591427e-02
-2.429273659974107505e-02
-2.467151260569623930e-02
-2.505028861165140008e-02
-2.542906461760656434e-02
-2.580784062356172512e-02
-2.618661662951688937e-02
-2.656539263547205362e-02
-2.694416864142721441e-02
-2.732294464738237866e-02
-2.762008965379222566e-02
-2.791723466018647751e-02
-2.821437966658073629e-02
-2.851152467297498813e-02
-2.880866967936924344e-02
-2.910581468576349876e-02
-2.940295969215775060e-02
-2.970010469855200938e-02
-2.999724970494626122e-02
-3.029439471134052000e-02
-3.059153971773477185e-02
-3.088868472412902716e-02
-3.112186515153710781e-02
-3.135504557893226824e-02
-3.158822600632743560e-02
-3.182140643372260297e-02
-3.205458686111776340e-02
-3.228776728851293076e-02
-3.252094771590809119e-02
-3.275412814330325856e-02
-3.298730857069841899e-02
-3.322048899809358635e-02
-3.345366942548874678e-02
-3.368684985288391415e-02
-3.382181359547104665e-02
-3.395677733803727921e-02
-3.409174108060351177e-02
-3.422670482316974433e-02
-3.436166856573597689e-02
-3.449663230830220251e-02
-3.463159605086843507e-02
-3.476655979343466762e-02
-3.490152353600090018e-02
-3.503648727856713274e-02
-3.517145102113335836e-02
-3.530641476369959092e-02
-3.553270849108969287e-02
-3.575900221850022292e-02
-3.598529594591075992e-02
-3.621158967332128997e-02
-3.643788340073182697e-02
-3.666417712814235702e-02
-3.689047085555288708e-02
-3.711676458296342407e-02
-3.734305831037395412e-02
-3.756935203778449112e-02
-3.779564576519502117e-02
-3.802193949260555123e-02
-3.817561418522621292e-02
-3.832928887782981880e-02
-3.848296357043343857e-02
-3.863663826303705140e-02
-3.879031295564065729e-02
-3.894398764824427706e-02
-3.909766234084788988e-02
-3.925133703345150271e-02
-3.940501172605511554e-02
-3.955868641865873531e-02
-3.971236111126234120e-02
-3.986603580386596096e-02
-3.986659656514024430e-02
-3.986715732637693271e-02
-3.986771808761362113e-02
-3.986827884885030954e-02
-3.986883961008699795e-02
-3.986940037132369330e-02
-3.986996113256038171e-02
-3.987052189379707012e-02
-3.987108265503375160e-02
-3.987164341627044001e-02
-3.987220417750713536e-02
-3.987276493874382377e-02
-3.992157762430349061e-02
-3.997039030987552255e-02
-4.001920299544756837e-02
-4.006801568101960725e-02
-4.011682836659165308e-02
-4.016564105216369196e-02
-4.021445373773573084e-02
-4.026326642330776973e-02
-4.031207910887981555e-02
-4.036089179445185443e-02
-4.040970448002389331e-02
-4.045851716559593914e-02
-4.049708387545709887e-02
-4.053565058531551080e-02
-4.057421729517392966e-02
-4.061278400503234853e-02
-4.065135071489076046e-02
-4.068991742474917933e-02
-4.072848413460759820e-02
-4.076705084446601013e-02
-4.080561755432442900e-02
-4.084418426418284787e-02
-4.088275097404125979e-02
-4.092131768389967866e-02
-4.063923793529445466e-02
-4.035715818659999649e-02
-4.007507843790553831e-02
-3.979299868921107319e-02
-3.951091894051661502e-02
-3.922883919182214296e-02
-3.894675944312768479e-02
-3.866467969443321967e-02
-3.838259994573876149e-02
-3.810052019704430332e-02
-3.781844044834983820e-02
-3.753636069965538002e-02
-3.736347383407976480e-02
-3.719058696853573542e-02
-3.701770010299170605e-02
-3.684481323744766973e-02
-3.667192637190364035e-02
-3.649903950635961097e-02
-3.632615264081557466e-02
-3.615326577527153834e-02
-3.598037890972750896e-02
-3.580749204418347958e-02
-3.563460517863944327e-02
-3.546171831309541389e-02
-3.542252735791871776e-02
-3.538333640278214925e-02
-3.534414544764558075e-02
-3.530495449250901224e-02
-3.526576353737243680e-02
-3.522657258223586829e-02
-3.518738162709929979e-02
-3.514819067196272434e-02
-3.510899971682615583e-02
-3.506980876168958733e-02
-3.503061780655301882e-02
-3.499142685141645032e-02
-3.503303059571846040e-02
-3.507463434004561009e-02
-3.511623808437275285e-02
-3.515784182869989560e-02
-3.519944557302703836e-02
-3.524104931735418805e-02
-3.528265306168133081e-02
-3.532425680600847356e-02
-3.536586055033561632e-02
-3.540746429466276601e-02
-3.544906803898990877e-02
-3.549067178331705152e-02
-3.557159759445494007e-02
-3.565252340560549210e-02
-3.573344921675604413e-02
-3.581437502790658922e-02
-3.589530083905714125e-02
-3.597622665020769328e-02
-3.605715246135824531e-02
-3.613807827250879040e-02
-3.621900408365934243e-02
-3.629992989480989446e-02
-3.638085570596043955e-02
-3.646178151711099158e-02
-3.659760675853443446e-02
-3.673343199997616132e-02
-3.686925724141788124e-02
-3.700508248285960117e-02
-3.714090772430132109e-02
-3.727673296574304795e-02
-3.741255820718476788e-02
-3.754838344862648780e-02
-3.768420869006820773e-02
-3.782003393150993459e-02
-3.795585917295164757e-02
-3.809168441439337444e-02
-3.817439836618032739e-02
-3.825711231794901718e-02
-3.833982626971771390e-02
-3.842254022148641063e-02
-3.850525417325510735e-02
-3.858796812502379020e-02
-3.867068207679248693e-02
-3.875339602856118365e-02
-3.883610998032988038e-02
-3.891882393209857016e-02
-3.900153788386726689e-02
-3.908425183563595667e-02
-3.635987164392268101e-02
-3.363549145121371570e-02
-3.091111125850475386e-02
-2.818673106579579202e-02
-2.546235087308683018e-02
-2.273797068037786487e-02
-2.001359048766890303e-02
-1.728921029495994119e-02
-1.456483010225097935e-02
-1.184044990954201404e-02
-9.116069716833050465e-03
-6.391689524124089493e-03
1.396288326503846398e-03
9.184266178983118215e-03
1.697224403146239263e-02
2.476022188394166185e-02
3.254819973642093106e-02
4.033617758890020721e-02
4.812415544137947643e-02
5.591213329385875258e-02
6.370011114633801486e-02
7.148808899881729795e-02
7.927606685129655328e-02
8.706404470377585025e-02
8.841201213110293222e-02
8.975997955600518996e-02
9.110794698090744770e-02
9.245591440580967768e-02
9.380388183071193542e-02
9.515184925561417928e-02
9.649981668051642314e-02
9.784778410541866700e-02
9.919575153032092474e-02
1.005437189552231825e-01
1.018916863801254125e-01
1.032396538050276702e-01
1.026875281216869384e-01
1.021354024376100594e-01
1.015832767535331527e-01
1.010311510694562598e-01
1.004790253853793530e-01
9.992689970130244626e-02
9.937477401722555337e-02
9.882264833314864660e-02
9.827052264907176760e-02
9.771839696499486083e-02
9.716627128091795407e-02
9.661414559684106118e-02
9.630318572926892251e-02
9.599222586179285976e-02
9.568126599431679702e-02
9.537030612684073427e-02
9.505934625936467153e-02
9.474838639188859490e-02
9.443742652441253216e-02
9.412646665693646941e-02
9.381550678946040667e-02
9.350454692198434392e-02
9.319358705450826730e-02
9.288262718703221843e-02
9.175074164316039671e-02
9.061885609895260763e-02
8.948697055474480466e-02
8.835508501053701558e-02
8.722319946632921261e-02
8.609131392212142353e-02
8.495942837791362057e-02
8.382754283370581760e-02
8.269565728949802852e-02
8.156377174529022556e-02
8.043188620108242259e-02
7.930000065687463351e-02
7.884670065156129670e-02
7.839340064653309292e-02
7.794010064150488915e-02
7.748680063647667149e-02
7.703350063144846771e-02
7.658020062642026393e-02
7.612690062139206015e-02
7.567360061636384250e-02
7.522030061133565260e-02
7.476700060630743494e-02
7.431370060127923116e-02
7.386040059625102738e-02
7.410751917211835793e-02
7.435463774828762751e-02
7.460175632445691096e-02
7.484887490062619442e-02
7.509599347679547787e-02
7.534311205296476133e-02
7.559023062913404478e-02
7.583734920530332824e-02
7.608446778147258394e-02
7.633158635764186739e-02
7.657870493381115085e-02
7.682582350998043430e-02
7.641990808716156436e-02
7.601399266405402255e-02
7.560807724094649462e-02
7.520216181783895282e-02
7.479624639473143877e-02
7.439033097162389696e-02
7.398441554851636903e-02
7.357850012540884110e-02
7.317258470230129930e-02
7.276666927919377137e-02
7.236075385608624344e-02
7.195483843297871551e-02
7.110884455948253413e-02
7.026285068578703996e-02
6.941685681209154579e-02
6.857086293839605162e-02
6.772486906470055745e-02
6.687887519100506328e-02
6.603288131730956911e-02
6.518688744361407494e-02
6.434089356991858077e-02
6.349489969622308660e-02
6.264890582252759244e-02
6.180291194883209827e-02
6.027496201949686383e-02
5.874701208984530604e-02
5.721906216019375518e-02
5.569111223054219739e-02
5.416316230089063960e-02
5.263521237123908875e-02
5.110726244158753095e-02
4.957931251193598010e-02
4.805136258228442231e-02
4.652341265263287146e-02
4.499546272298131366e-02
4.346751279332975587e-02
4.188540399384926144e-02
4.030329519434305147e-02
3.872118639483683455e-02
3.713907759533062458e-02
3.555696879582441461e-02
3.397485999631820464e-02
3.239275119681199466e-02
3.081064239730578469e-02
2.922853359779957472e-02
2.764642479829336474e-02
2.606431599878715130e-02
2.448220719928094133e-02
2.312185097610135534e-02
2.176149475302947486e-02
2.040113852995759092e-02
1.904078230688570350e-02
1.768042608381381955e-02
1.632006986074193561e-02
1.495971363767005166e-02
1.359935741459816771e-02
1.223900119152628203e-02
1.087864496845439809e-02
9.518288745382514141e-03
8.157932522310630194e-03
8.173603588091592556e-03
8.189274654555869434e-03
8.204945721020144578e-03
8.220616787484421456e-03
8.236287853948698334e-03
8.251958920412975212e-03
8.267629986877252091e-03
8.283301053341527234e-03
8.298972119805804112e-03
8.314643186270080991e-03
8.330314252734357869e-03
8.345985319198634747e-03
8.358665207128888192e-03
8.371345095057623753e-03
8.384024982986359315e-03
8.396704870915096611e-03
8.409384758843832172e-03
8.422064646772567734e-03
8.434744534701305030e-03
8.447424422630040591e-03
8.460104310558776153e-03
8.472784198487513449e-03
8.485464086416249010e-03
8.498143974344984572e-03
8.219909103153098112e-03
7.941674231810396528e-03
7.663439360467695811e-03
7.385204489124995095e-03
7.106969617782294378e-03
6.828734746439593661e-03
6.550499875096892945e-03
6.272265003754191361e-03
5.994030132411490644e-03
5.715795261068789927e-03
5.437560389726089211e-03
5.159325518383387627e-03
4.556699278155790928e-03
3.954073037756484360e-03
3.351446797357178226e-03
2.748820556957872092e-03
2.146194316558565959e-03
1.543568076159260042e-03
9.409418357599534741e-04
3.383155953606479908e-04
-2.643106450386590645e-04
-8.669368854379650357e-04
-1.469563125837271061e-03
-2.072189366236576978e-03
-2.712903440005538531e-03
-3.353617513795076506e-03
-3.994331587584614048e-03
-4.635045661374152456e-03
-5.275759735163689998e-03
-5.916473808953228407e-03
-6.557187882742766816e-03
-7.197901956532304357e-03
-7.838616030321843633e-03
-8.479330104111381175e-03
-9.120044177900918717e-03
-9.760758251690454523e-03
-1.028717674319908418e-02
-1.081359523464471735e-02
-1.134001372609035226e-02
-1.186643221753598543e-02
-1.239285070898161860e-02
-1.291926920042725177e-02
-1.344568769187288841e-02
-1.397210618331852158e-02
-1.449852467476415475e-02
-1.502494316620978793e-02
-1.555136165765542110e-02
-1.607778014910105427e-02
-1.533633547874430590e-02
-1.459489080767493140e-02
-1.385344613660555689e-02
-1.311200146553618238e-02
-1.237055679446680961e-02
-1.162911212339743511e-02
-1.088766745232805887e-02
-1.014622278125868783e-02
-9.404778110189311591e-03
-8.663333439119938820e-03
-7.921888768050562579e-03
-7.180444096981188941e-03
-3.496704799846970992e-03
1.870344989731285881e-04
3.870773797793228277e-03
7.554513096613326394e-03
1.123825239543342798e-02
1.492199169425352523e-02
1.860573099307362768e-02
2.228947029189372320e-02
2.597320959071382218e-02
2.965694888953392463e-02
3.334068818835402709e-02
3.702442748717411913e-02
3.738922195272804949e-02
3.775401641634406474e-02
3.811881087996007306e-02
3.848360534357608831e-02
3.884839980719210356e-02
3.921319427080810494e-02
3.957798873442412019e-02
3.994278319804013544e-02
4.030757766165615069e-02
4.067237212527215207e-02
4.103716658888816732e-02
4.140196105250418257e-02
4.063084581962592839e-02
3.985973058607202718e-02
3.908861535251811903e-02
3.831750011896422475e-02
3.754638488541031660e-02
3.677526965185641539e-02
3.600415441830251417e-02
3.523303918474860602e-02
3.446192395119470481e-02
3.369080871764080359e-02
3.291969348408690238e-02
3.214857825053300117e-02
3.106362374331166423e-02
2.997866923590022589e-02
2.889371472848879449e-02
2.780876022107736309e-02
2.672380571366592475e-02
2.563885120625448988e-02
2.455389669884305501e-02
2.346894219143162014e-02
2.238398768402018527e-02
2.129903317660875040e-02
2.021407866919731899e-02
1.912912416178588065e-02
1.847116800139743040e-02
1.781321184127228341e-02
1.715525568114713295e-02
1.649729952102198596e-02
1.583934336089683897e-02
1.518138720077169025e-02
1.452343104064654153e-02
1.386547488052139454e-02
1.320751872039624755e-02
1.254956256027109709e-02
1.189160640014594837e-02
1.123365024002080138e-02
1.071806234726826318e-02
1.020247445460506670e-02
9.686886561941871962e-03
9.171298669278675486e-03
8.655710776615480745e-03
8.140122883952284269e-03
7.624534991289089528e-03
7.108947098625893919e-03
6.593359205962698311e-03
6.077771313299503569e-03
5.562183420636307093e-03
5.046595527973112352e-03
4.329945701409963939e-03
3.613295874718444253e-03
2.896646048026925435e-03
2.179996221335405750e-03
1.463346394643886498e-03
7.466965679523670293e-04
3.004674126084765551e-05
-6.866030854306712575e-04
-1.403252912122191160e-03
-2.119902738813710195e-03
-2.836552565505229880e-03
-3.553202392196748698e-03
-4.139098045113373016e-03
-4.724993697945087390e-03
-5.310889350776802631e-03
-5.896785003608517005e-03
-6.482680656440232246e-03
-7.068576309271946620e-03
-7.654471962103660994e-03
-8.240367614935375368e-03
-8.826263267767090609e-03
-9.412158920598805850e-03
-9.998054573430519357e-03
-1.058395022626223460e-02
-1.106741112163136392e-02
-1.155087201693285638e-02
-1.203433291223435057e-02
-1.251779380753584303e-02
-1.300125470283733549e-02
-1.348471559813882795e-02
-1.396817649344031867e-02
-1.445163738874181113e-02
-1.493509828404330358e-02
-1.541855917934479778e-02
-1.590202007464628850e-02
-1.638548096994778269e-02
-1.570656220468112999e-02
-1.502764343863427499e-02
-1.434872467258742519e-02
-1.366980590654057193e-02
-1.299088714049372213e-02
-1.231196837444686887e-02
-1.163304960840001907e-02
-1.095413084235316407e-02
-1.027521207630631601e-02
-9.596293310259461015e-03
-8.917374544212611220e-03
-8.238455778165759691e-03
-7.417339646073608031e-03
-6.596223513884461043e-03
-5.775107381695315789e-03
-4.953991249506167066e-03
-4.132875117317021813e-03
-3.311758985127874824e-03
-2.490642852938727836e-03
-1.669526720749580848e-03
-8.484105885604349435e-04
-2.729445637128799244e-05
7.938216758178589247e-04
1.614937808007005805e-03
1.393444660563063426e-03
1.171951512396556460e-03
9.504583642300494951e-04
7.289652160635426382e-04
5.074720678970357814e-04
2.859789197305289245e-04
6.448577156402189147e-05
-1.570073766024851145e-04
-3.785005247689918629e-04
-5.999936729354988282e-04
-8.214868211020055766e-04
-1.042979969268512542e-03
-1.673369930872284491e-03
-2.303759892763898674e-03
-2.934149854655513073e-03
-3.564539816547127905e-03
-4.194929778438741437e-03
-4.825319740330355836e-03
-5.455709702221970235e-03
-6.086099664113585501e-03
-6.716489626005199033e-03
-7.346879587896813432e-03
-7.977269549788428699e-03
-8.607659511680042230e-03
-9.294319905063398030e-03
-9.980980298486978597e-03
-1.066764069191055743e-02
-1.135430108533413973e-02
-1.204096147875771856e-02
-1.272762187218130087e-02
-1.341428226560488143e-02
-1.410094265902846027e-02
-1.478760305245204257e-02
-1.547426344587562314e-02
-1.616092383929920370e-02
-1.684758423272278427e-02
-1.750635879732744676e-02
-1.816513336191186850e-02
-1.882390792649629371e-02
-1.948268249108071198e-02
-2.014145705566513719e-02
-2.080023162024956240e-02
-2.145900618483398761e-02
-2.211778074941840935e-02
-2.277655531400283109e-02
-2.343532987858725283e-02
-2.409410444317167804e-02
-2.475287900775610325e-02
-2.534181027940395764e-02
-2.593074155100036013e-02
-2.651967282259676609e-02
-2.710860409419316858e-02
-2.769753536578957454e-02
-2.828646663738598049e-02
-2.887539790898238298e-02
-2.946432918057878547e-02
-3.005326045217519143e-02
-3.064219172377159739e-02
-3.123112299536799988e-02
-3.182005426696440237e-02
-3.216193920860953986e-02
-3.250382415006998482e-02
-3.284570909153042978e-02
-3.318759403299086780e-02
-3.352947897445131276e-02
-3.387136391591175077e-02
-3.421324885737219573e-02
-3.455513379883264069e-02
-3.489701874029307871e-02
-3.523890368175352367e-02
-3.558078862321396862e-02
-3.592267356467440664e-02
-3.568611606788815727e-02
-3.544955857066314775e-02
-3.521300107343813823e-02
-3.497644357621312872e-02
-3.473988607898811920e-02
-3.450332858176310968e-02
-3.426677108453810017e-02
-3.403021358731309065e-02
-3.379365609008808113e-02
-3.355709859286307162e-02
-3.332054109563806210e-02
-3.308398359841305258e-02
-3.289873661111891029e-02
-3.271348962386424336e-02
-3.252824263660957643e-02
-3.234299564935490950e-02
-3.215774866210024258e-02
-3.197250167484557565e-02
-3.178725468759090872e-02
-3.160200770033624179e-02
-3.141676071308158180e-02
-3.123151372582691140e-02
-3.104626673857224448e-02
-3.086101975131758102e-02
-3.095645179496777505e-02
-3.105188383883700221e-02
-3.114731588270622589e-02
-3.124274792657545305e-02
-3.133817997044467674e-02
-3.143361201431390389e-02
-3.152904405818313105e-02
-3.162447610205235127e-02
-3.171990814592157842e-02
-3.181534018979080558e-02
-3.191077223366003274e-02
-3.200620427752925989e-02
-3.217748919563834242e-02
-3.234877411380745332e-02
-3.252005903197656422e-02
-3.269134395014567512e-02
-3.286262886831477908e-02
-3.303391378648388998e-02
-3.320519870465299395e-02
-3.337648362282210485e-02
-3.354776854099121575e-02
-3.371905345916031971e-02
-3.389033837732943061e-02
-3.406162329549854151e-02
-3.405195124448796851e-02
-3.404227919333224078e-02
-3.403260714217651306e-02
-3.402293509102078534e-02
-3.401326303986505761e-02
-3.400359098870932295e-02
-3.399391893755359523e-02
-3.398424688639786750e-02
-3.397457483524213978e-02
-3.396490278408641206e-02
-3.395523073293067740e-02
-3.394555868177495661e-02
-3.396230088594636570e-02
-3.397904309013926455e-02
-3.399578529433215646e-02
-3.401252749852504836e-02
-3.402926970271794027e-02
-3.404601190691083218e-02
-3.406275411110372409e-02
-3.407949631529661599e-02
-3.409623851948951484e-02
-3.411298072368240675e-02
-3.412972292787529865e-02
-3.414646513206819056e-02
-3.432820890763964294e-02
-3.450995268334705601e-02
-3.469169645905446214e-02
-3.487344023476187521e-02
-3.505518401046928134e-02
-3.523692778617669441e-02
-3.541867156188410748e-02
-3.560041533759152055e-02
-3.578215911329892668e-02
-3.596390288900633975e-02
-3.614564666471375282e-02
-3.632739044042115895e-02
-3.656642555792669058e-02
-3.680546067548005201e-02
-3.704449579303341344e-02
-3.728353091058677488e-02
-3.752256602814014325e-02
-3.776160114569350468e-02
-3.800063626324686611e-02
-3.823967138080022754e-02
-3.847870649835359591e-02
-3.871774161590695040e-02
-3.895677673346031877e-02
-3.919581185101368020e-02
-3.911910813976732237e-02
-3.904240442825390733e-02
-3.896570071674047842e-02
-3.888899700522706337e-02
-3.881229329371364833e-02
-3.873558958220022636e-02
-3.865888587068681131e-02
-3.858218215917338934e-02
-3.850547844765997429e-02
-3.842877473614655925e-02
-3.835207102463313728e-02
-3.827536731311971530e-02
-3.792698360786350698e-02
-3.757859990237454040e-02
-3.723021619688557382e-02
-3.688183249139660724e-02
-3.653344878590764067e-02
-3.618506508041867409e-02
-3.583668137492970057e-02
-3.548829766944074093e-02
-3.513991396395176742e-02
-3.479153025846280084e-02
-3.444314655297383426e-02
-3.409476284748486768e-02
-3.411038828940075179e-02
-3.412601373163246660e-02
-3.414163917386418140e-02
-3.415726461609589620e-02
-3.417289005832761101e-02
-3.418851550055933275e-02
-3.420414094279104755e-02
-3.421976638502276236e-02
-3.423539182725448410e-02
-3.425101726948619890e-02
-3.426664271171791371e-02
-3.428226815394962851e-02
-3.424670332181824206e-02
-3.421113848964188464e-02
-3.417557365746552028e-02
-3.414000882528916286e-02
-3.410444399311279851e-02
-3.406887916093644109e-02
-3.403331432876008367e-02
-3.399774949658371931e-02
-3.396218466440735495e-02
-3.392661983223099753e-02
-3.389105500005463317e-02
-3.385549016787827575e-02
-3.358739214515800431e-02
-3.331929412223089831e-02
-3.305119609930378538e-02
-3.278309807637667939e-02
-3.251500005344957339e-02
-3.224690203052246046e-02
-3.197880400759536140e-02
-3.171070598466824847e-02
-3.144260796174114247e-02
-3.117450993881403648e-02
-3.090641191588692702e-02
-3.063831389295982102e-02
-3.045232407860522933e-02
-3.026633426432456808e-02
-3.008034445004390683e-02
-2.989435463576324559e-02
-2.970836482148258434e-02
-2.952237500720191962e-02
-2.933638519292125837e-02
-2.915039537864059713e-02
-2.896440556435993588e-02
-2.877841575007927463e-02
-2.859242593579861338e-02
-2.840643612151794867e-02
-2.845313609850052758e-02
-2.849983607569515562e-02
-2.854653605288978713e-02
-2.859323603008441517e-02
-2.863993600727904668e-02
-2.868663598447367472e-02
-2.873333596166830622e-02
-2.878003593886293426e-02
-2.882673591605756577e-02
-2.887343589325219381e-02
-2.892013587044682532e-02
-2.896683584764145336e-02
-2.905174468840027516e-02
-2.913665352919433613e-02
-2.922156236998840056e-02
-2.930647121078246153e-02
-2.939138005157651903e-02
-2.947628889237058000e-02
-2.956119773316464097e-02
-2.964610657395870194e-02
-2.973101541475276291e-02
-2.981592425554682388e-02
-2.990083309634088138e-02
-2.998574193713494235e-02
-3.029301008002240753e-02
-3.060027822311735951e-02
-3.090754636621231149e-02
-3.121481450930726695e-02
-3.152208265240221546e-02
-3.182935079549717439e-02
-3.213661893859212637e-02
-3.244388708168707836e-02
-3.275115522478203034e-02
-3.305842336787698232e-02
-3.336569151097193431e-02
-3.367295965406688629e-02
-3.396228790924307045e-02
-3.425161616440231677e-02
-3.454094441956156308e-02
-3.483027267472080246e-02
-3.511960092988004878e-02
-3.540892918503929510e-02
-3.569825744019854141e-02
-3.598758569535778773e-02
-3.627691395051702711e-02
-3.656624220567627342e-02
-3.685557046083551974e-02
-3.714489871599476606e-02
-3.722783001997539976e-02
-3.731076132375892723e-02
-3.739369262754245471e-02
-3.747662393132598219e-02
-3.755955523510950966e-02
-3.764248653889303714e-02
-3.772541784267657156e-02
-3.780834914646009903e-02
-3.789128045024362651e-02
-3.797421175402715399e-02
-3.805714305781068840e-02
-3.814007436159420894e-02
-3.830162793683491995e-02
-3.846318151215157716e-02
-3.862473508746822048e-02
-3.878628866278487769e-02
-3.894784223810152796e-02
-3.910939581341817128e-02
-3.927094938873482849e-02
-3.943250296405147876e-02
-3.959405653936812208e-02
-3.975561011468477929e-02
-3.991716369000142955e-02
-4.007871726531807288e-02
-4.020576825847154562e-02
-4.033281925159129533e-02
-4.045987024471105198e-02
-4.058692123783081557e-02
-4.071397223095057222e-02
-4.084102322407033581e-02
-4.096807421719009246e-02
-4.109512521030985605e-02
-4.122217620342961270e-02
-4.134922719654937628e-02
-4.147627818966913293e-02
-4.160332918278889652e-02
-4.175143814145820809e-02
-4.189954710014832245e-02
-4.204765605883842294e-02
-4.219576501752853731e-02
-4.234387397621864474e-02
-4.249198293490875911e-02
-4.264009189359887347e-02
-4.278820085228898784e-02
-4.293630981097909527e-02
-4.308441876966920964e-02
-4.323252772835931013e-02
-4.338063668704942449e-02
-4.330481115898353328e-02
-4.322898563069401540e-02
-4.315316010240449057e-02
-4.307733457411497269e-02
-4.300150904582545480e-02
-4.292568351753592304e-02
-4.284985798924640515e-02
-4.277403246095688033e-02
-4.269820693266736245e-02
-4.262238140437783762e-02
-4.254655587608831974e-02
-4.247073034779880185e-02
-4.231545908994013838e-02
-4.216018783200126824e-02
-4.200491657406239809e-02
-4.184964531612352795e-02
-4.169437405818467168e-02
-4.153910280024580154e-02
-4.138383154230693139e-02
-4.122856028436806819e-02
-4.107328902642919805e-02
-4.091801776849032790e-02
-4.076274651055146470e-02
-4.060747525261260149e-02
-4.060629557234424203e-02
-4.060511589223311790e-02
-4.060393621212200765e-02
-4.060275653201088353e-02
-4.060157685189977328e-02
-4.060039717178865609e-02
-4.059921749167753890e-02
-4.059803781156642172e-02
-4.059685813145531147e-02
-4.059567845134419428e-02
-4.059449877123307709e-02
-4.059331909112196685e-02
-4.066488810710174734e-02
-4.073645712315655809e-02
-4.080802613921136884e-02
-4.087959515526619347e-02
-4.095116417132100423e-02
-4.102273318737581498e-02
-4.109430220343063267e-02
-4.116587121948544342e-02
-4.123744023554026111e-02
-4.130900925159507880e-02
-4.138057826764988956e-02
-4.145214728370470031e-02
-4.150863816728429107e-02
-4.156512905084817217e-02
-4.162161993441204633e-02
-4.167811081797592049e-02
-4.173460170153979465e-02
-4.179109258510367575e-02
-4.184758346866754297e-02
-4.190407435223142407e-02
-4.196056523579529823e-02
-4.201705611935917239e-02
-4.207354700292304656e-02
-4.213003788648692766e-02
-4.234304446229363722e-02
-4.255605103826519409e-02
-4.276905761423675095e-02
-4.298206419020830088e-02
-4.319507076617985775e-02
-4.340807734215140767e-02
-4.362108391812295760e-02
-4.383409049409451447e-02
-4.404709707006607133e-02
-4.426010364603762126e-02
-4.447311022200917813e-02
-4.468611679798073499e-02
-4.499785988090295591e-02
-4.530960296393023862e-02
-4.562134604695752826e-02
-4.593308912998481791e-02
-4.624483221301210062e-02
-4.655657529603939027e-02
-4.686831837906667297e-02
-4.718006146209395568e-02
-4.749180454512125227e-02
-4.780354762814853498e-02
-4.811529071117581768e-02
-4.842703379420310733e-02
-4.852769642712333187e-02
-4.862835905981664070e-02
-4.872902169250994259e-02
-4.882968432520325835e-02
-4.893034695789656024e-02
-4.903100959058986907e-02
-4.913167222328317790e-02
-4.923233485597648673e-02
-4.933299748866979556e-02
-4.943366012136310439e-02
-4.953432275405641322e-02
-4.963498538674971511e-02
-4.969036255748553177e-02
-4.974573972817217943e-02
-4.980111689885882015e-02
-4.985649406954545393e-02
-4.991187124023209465e-02
-4.996724841091873537e-02
-5.002262558160537609e-02
-5.007800275229201681e-02
-5.013337992297865753e-02
-5.018875709366529131e-02
-5.024413426435193897e-02
-5.029951143503857969e-02
-5.024723912744996634e-02
-5.019496681974328078e-02
-5.014269451203659522e-02
-5.009042220432990272e-02
-5.003814989662321716e-02
-4.998587758891652466e-02
-4.993360528120983910e-02
-4.988133297350315354e-02
-4.982906066579646798e-02
-4.977678835808978242e-02
-4.972451605038309685e-02
-4.967224374267640435e-02
-4.953553578184973633e-02
-4.939882782092953895e-02
-4.926211986000933463e-02
-4.912541189908913031e-02
-4.898870393816893987e-02
-4.885199597724873555e-02
-4.871528801632853123e-02
-4.857858005540833385e-02
-4.844187209448812953e-02
-4.830516413356792521e-02
-4.816845617264772783e-02
-4.803174821172752351e-02
-4.790093680023175399e-02
-4.777012538874259029e-02
-4.763931397725341271e-02
-4.750850256576423514e-02
-4.737769115427506450e-02
-4.724687974278588692e-02
-4.711606833129672323e-02
-4.698525691980754565e-02
-4.685444550831837501e-02
-4.672363409682919744e-02
-4.659282268534001986e-02
-4.646201127385085616e-02
-4.626365557751856150e-02
-4.606529988110996676e-02
-4.586694418470137896e-02
-4.566858848829279116e-02
-4.547023279188420336e-02
-4.527187709547560862e-02
-4.507352139906702082e-02
-4.487516570265843302e-02
-4.467681000624983828e-02
-4.447845430984125048e-02
-4.428009861343266268e-02
-4.408174291702406794e-02
-4.409489922498092962e-02
-4.410805553317900807e-02
-4.412121184137709345e-02
-4.413436814957517884e-02
-4.414752445777325729e-02
-4.416068076597134268e-02
-4.417383707416942806e-02
-4.418699338236752039e-02
-4.420014969056559884e-02
-4.421330599876368422e-02
-4.422646230696176961e-02
-4.423961861515985500e-02
-4.439460523970853445e-02
-4.454959186442052771e-02
-4.470457848913252097e-02
-4.485956511384450729e-02
-4.501455173855649361e-02
-4.516953836326848687e-02
-4.532452498798048013e-02
-4.547951161269247339e-02
-4.563449823740445971e-02
-4.578948486211644603e-02
-4.594447148682844623e-02
-4.609945811154043255e-02
-4.638974846761938914e-02
-4.668003882385560882e-02
-4.697032918009182850e-02
-4.726061953632804818e-02
-4.755090989256427481e-02
-4.784120024880050143e-02
-4.813149060503672111e-02
-4.842178096127294079e-02
-4.871207131750916047e-02
-4.900236167374538709e-02
-4.929265202998160678e-02
-4.958294238621782646e-02
-5.002749020262272500e-02
-5.047203801920859684e-02
-5.091658583579447561e-02
-5.136113365238034745e-02
-5.180568146896622622e-02
-5.225022928555209806e-02
-5.269477710213797683e-02
-5.313932491872384867e-02
-5.358387273530972744e-02
-5.402842055189559928e-02
-5.447296836848147805e-02
-5.491751618506734989e-02
-5.519454973000985365e-02
-5.547158327475399525e-02
-5.574861681949812992e-02
-5.602565036424227152e-02
-5.630268390898641312e-02
-5.657971745373054084e-02
-5.685675099847468245e-02
-5.713378454321881711e-02
-5.741081808796295871e-02
-5.768785163270710031e-02
-5.796488517745123498e-02
-5.824191872219537658e-02
-5.812310631772973912e-02
-5.800429391279103564e-02
-5.788548150785233909e-02
-5.776666910291362866e-02
-5.764785669797493212e-02
-5.752904429303622169e-02
-5.741023188809752514e-02
-5.729141948315882166e-02
-5.717260707822011123e-02
-5.705379467328141468e-02
-5.693498226834271120e-02
-5.681616986340400771e-02
-5.626665515599772044e-02
-5.571714044807201532e-02
-5.516762574014630327e-02
-5.461811103222059816e-02
-5.406859632429489304e-02
-5.351908161636917405e-02
-5.296956690844346893e-02
-5.242005220051775688e-02
-5.187053749259205176e-02
-5.132102278466633971e-02
-5.077150807674063460e-02
-5.022199336881492948e-02
-4.952697815824803895e-02
-4.883196294750409561e-02
-4.813694773676015226e-02
-4.744193252601621585e-02
-4.674691731527227251e-02
-4.605190210452832222e-02
-4.535688689378437888e-02
-4.466187168304043553e-02
-4.396685647229649913e-02
-4.327184126155255578e-02
-4.257682605080861243e-02
-4.188181084006466909e-02
-3.934114168173698939e-02
-3.680047252114319878e-02
-3.425980336054939429e-02
-3.171913419995560368e-02
-2.917846503936179919e-02
-2.663779587876800511e-02
-2.409712671817420063e-02
-2.155645755758040308e-02
-1.901578839698660553e-02
-1.647511923639280798e-02
-1.393445007579900870e-02
-1.139378091520520941e-02
-7.789957032968411986e-03
-4.186133149414653261e-03
-5.823092658608926926e-04
3.021514617692866358e-03
6.625338501246625517e-03
1.022916238480038424e-02
1.383298626835414470e-02
1.743681015190790343e-02
2.104063403546166736e-02
2.464445791901542435e-02
2.824828180256918481e-02
3.185210568612294180e-02
3.297181808347082743e-02
3.409153047771445316e-02
3.521124287195807195e-02
3.633095526620169768e-02
3.745066766044532341e-02
3.857038005468895608e-02
3.969009244893257488e-02
4.080980484317619367e-02
4.192951723741982634e-02
4.304922963166344513e-02
4.416894202590707086e-02
4.528865442015069659e-02
4.496541231145691903e-02
4.464217020094421451e-02
4.431892809043150999e-02
4.399568597991879854e-02
4.367244386940610096e-02
4.334920175889339644e-02
4.302595964838069192e-02
4.270271753786798047e-02
4.237947542735527595e-02
4.205623331684257837e-02
4.173299120632986692e-02
4.140974909581716240e-02
4.058004589010133500e-02
3.975034268374154356e-02
3.892063947738175905e-02
3.809093627102198149e-02
3.726123306466219004e-02
3.643152985830240553e-02
3.560182665194262103e-02
3.477212344558283652e-02
3.394242023922305201e-02
3.311271703286326751e-02
3.228301382650348300e-02
3.145331062014369849e-02
3.142863265200266515e-02
3.140395468489398656e-02
3.137927671778530103e-02
3.135459875067662244e-02
3.132992078356794385e-02
3.130524281645926526e-02
3.128056484935057974e-02
3.125588688224190809e-02
3.123120891513322256e-02
3.120653094802454744e-02
3.118185298091586538e-02
3.115717501380718332e-02
3.157144622856129096e-02
3.198571744388310073e-02
3.239998865920490356e-02
3.281425987452670640e-02
3.322853108984850923e-02
3.364280230517031206e-02
3.405707352049212183e-02
3.447134473581392466e-02
3.488561595113572750e-02
3.529988716645753033e-02
3.571415838177933316e-02
3.612842959710113599e-02
3.542012287104275015e-02
3.471181614352027156e-02
3.400350941599779991e-02
3.329520268847532133e-02
3.258689596095284968e-02
3.187858923343037110e-02
3.117028250590789945e-02
3.046197577838542087e-02
2.975366905086294922e-02
2.904536232334047757e-02
2.833705559581799899e-02
2.762874886829552734e-02
2.642469044176928503e-02
2.522063201459107118e-02
2.401657358741285386e-02
2.281251516023463308e-02
2.160845673305641923e-02
2.040439830587820191e-02
1.920033987869998113e-02
1.799628145152176728e-02
1.679222302434354996e-02
1.558816459716533265e-02
1.438410616998711707e-02
1.318004774280889801e-02
1.211601732214911964e-02
1.105198690167502086e-02
9.987956481200925551e-03
8.923926060726828507e-03
7.859895640252731464e-03
6.795865219778634420e-03
5.731834799304539110e-03
4.667804378830442066e-03
3.603773958356344589e-03
2.539743537882248412e-03
1.475713117408152452e-03
4.116826969340563300e-04
-8.582799416550719108e-05
-5.833386845076570220e-04
-1.080849374849807056e-03
-1.578360065191956874e-03
-2.075870755534106257e-03
-2.573381445876256075e-03
-3.070892136218406326e-03
-3.568402826560556143e-03
-4.065913516902705527e-03
-4.563424207244855778e-03
-5.060934897587005162e-03
-5.558445587929155413e-03
-5.587711318779105089e-03
-5.616977048997920732e-03
-5.646242779216736375e-03
-5.675508509435551151e-03
-5.704774239654367661e-03
-5.734039969873182437e-03
-5.763305700091998079e-03
-5.792571430310812855e-03
-5.821837160529629365e-03
-5.851102890748444141e-03
-5.880368620967259784e-03
-5.909634351186075427e-03
-4.898359187345098335e-03
-3.887084022090251355e-03
-2.875808856835403507e-03
-1.864533691580555659e-03
-8.532585263257075944e-04
1.580166389291399011e-04
1.169291804183987451e-03
2.180566969438834865e-03
3.191842134693682279e-03
4.203117299948531428e-03
5.214392465203377541e-03
6.225667630458226257e-03
6.081276633201501691e-03
5.936885634361862771e-03
5.792494635522222983e-03
5.648103636682584930e-03
5.503712637842946009e-03
5.359321639003307089e-03
5.214930640163667301e-03
5.070539641324028381e-03
4.926148642484390328e-03
4.781757643644751407e-03
4.637366644805111619e-03
4.492975645965472699e-03
3.754847344422434976e-03
3.016719042059675792e-03
2.278590739696916175e-03
1.540462437334156340e-03
8.023341349713971563e-04
6.420583260863745750e-05
-6.739224697541217534e-04
-1.412050772116881479e-03
-2.150179074479641097e-03
-2.888307376842399847e-03
-3.626435679205159465e-03
-4.364563981567919082e-03
-4.991326671315571631e-03
-5.618089360908256127e-03
-6.244852050500940624e-03
-6.871614740093624253e-03
-7.498377429686308750e-03
-8.125140119278992379e-03
-8.751902808871676875e-03
-9.378665498464361372e-03
-1.000542818805704413e-02
-1.063219087764973037e-02
-1.125895356724241313e-02
-1.188571625683509936e-02
-1.240120976758027696e-02
-1.291670327816940751e-02
-1.343219678875853633e-02
-1.394769029934766688e-02
-1.446318380993679743e-02
-1.497867732052592625e-02
-1.549417083111505680e-02
-1.600966434170418562e-02
-1.652515785229331444e-02
-1.704065136288244672e-02
-1.755614487347157554e-02
-1.807163838406070783e-02
-1.866829684843640536e-02
-1.926495531292681668e-02
-1.986161377741722453e-02
-2.045827224190763932e-02
-2.105493070639805064e-02
-2.165158917088846197e-02
-2.224824763537887329e-02
-2.284490609986928461e-02
-2.344156456435969940e-02
-2.403822302885011072e-02
-2.463488149334052205e-02
-2.523153995783093337e-02
-2.569958172409885638e-02
-2.616762349018359260e-02
-2.663566525626833228e-02
-2.710370702235307544e-02
-2.757174878843781513e-02
-2.803979055452255134e-02
-2.850783232060729103e-02
-2.897587408669203071e-02
-2.944391585277677040e-02
-2.991195761886150661e-02
-3.037999938494624630e-02
-3.084804115103098598e-02
-2.818532360028049022e-02
-2.552260604503678657e-02
-2.285988848979308291e-02
-2.019717093454937926e-02
-1.753445337930567213e-02
-1.487173582406196848e-02
-1.220901826881826309e-02
-9.546300713574557700e-03
-6.883583158330851444e-03
-4.220865603087148657e-03
-1.558148047843441967e-03
1.104569507400260820e-03
4.515691957851454899e-03
7.926814409384913898e-03
1.133793686091837116e-02
1.474905931245183016e-02
1.816018176398528916e-02
2.157130421551874469e-02
2.498242666705220716e-02
2.839354911858566269e-02
3.180467157011912516e-02
3.521579402165257722e-02
3.862691647318603622e-02
4.203803892471950215e-02
4.216508150194984289e-02
4.229212407439524035e-02
4.241916664684065169e-02
4.254620921928604915e-02
4.267325179173145355e-02
4.280029436417685795e-02
4.292733693662226235e-02
4.305437950906766675e-02
4.318142208151307115e-02
4.330846465395846862e-02
4.343550722640387995e-02
4.356254979884927742e-02
4.267717095604755401e-02
4.179179211175967218e-02
4.090641326747178341e-02
4.002103442318390158e-02
3.913565557889600588e-02
3.825027673460812405e-02
3.736489789032024222e-02
3.647951904603235346e-02
3.559414020174447163e-02
3.470876135745658286e-02
3.382338251316870104e-02
3.293800366888081227e-02
3.229251079582646372e-02
3.164701792312687306e-02
3.100152505042727547e-02
3.035603217772767787e-02
2.971053930502808027e-02
2.906504643232848614e-02
2.841955355962889201e-02
2.777406068692929789e-02
2.712856781422970029e-02
2.648307494153010616e-02
2.583758206883051203e-02
2.519208919613091791e-02
2.444603396148579619e-02
2.369997872669087069e-02
2.295392349189594519e-02
2.220786825710101275e-02
2.146181302230608726e-02
2.071575778751116176e-02
1.996970255271622932e-02
1.922364731792130382e-02
1.847759208312637139e-02
1.773153684833144589e-02
1.698548161353651692e-02
1.623942637874158795e-02
1.531817548501032342e-02
1.439692459101614419e-02
1.347567369702196496e-02
1.255442280302778921e-02
1.163317190903361172e-02
1.071192101503943249e-02
9.790670121045256732e-03
8.869419227051079241e-03
7.948168333056901749e-03
7.026917439062723390e-03
6.105666545068545899e-03
5.184415651074366672e-03
4.221786343803431846e-03
3.259157036469949396e-03
2.296527729136466512e-03
1.333898421802984062e-03
3.712691144695012325e-04
-5.913601928639814886e-04
-1.553989500197464155e-03
-2.516618807530945738e-03
-3.479248114864428622e-03
-4.441877422197911505e-03
-5.404506729531395257e-03
-6.367136036864877273e-03
-7.049777982429124290e-03
-7.732419927567094238e-03
-8.415061872705062451e-03
-9.097703817843033267e-03
-9.780345762981002347e-03
-1.046298770811896969e-02
-1.114562965325693877e-02
-1.182827159839490959e-02
-1.251091354353287693e-02
-1.319355548867084602e-02
-1.387619743380881510e-02
-1.455883937894678418e-02
-1.223252549996860748e-02
-9.906211616376474002e-03
-7.579897732784341390e-03
-5.253583849192207909e-03
-2.927269965600073996e-03
-6.009560820079409491e-04
1.725357801584192097e-03
4.051671685176325144e-03
6.377985568768457757e-03
8.704299452360592104e-03
1.103061333595272385e-02
1.335692721954485906e-02
1.919770484803019761e-02
2.503848248194300713e-02
3.087926011585580971e-02
3.672003774976861229e-02
4.256081538368142181e-02
4.840159301759421745e-02
5.424237065150702697e-02
6.008314828541982955e-02
6.592392591933263213e-02
7.176470355324543471e-02
7.760548118715825117e-02
8.344625882107103987e-02
8.389222590287472026e-02
8.433819297628820932e-02
8.478416004970168451e-02
8.523012712311514583e-02
8.567609419652863489e-02
8.612206126994209621e-02
8.656802834335558527e-02
8.701399541676906046e-02
8.745996249018252178e-02
8.790592956359601085e-02
8.835189663700948604e-02
8.879786371042296123e-02
8.746588984803901901e-02
8.613391598287055417e-02
8.480194211770208934e-02
8.346996825253362451e-02
8.213799438736517355e-02
8.080602052219670872e-02
7.947404665702823001e-02
7.814207279185977906e-02
7.681009892669130035e-02
7.547812506152284939e-02
7.414615119635438456e-02
7.281417733118591973e-02
7.119379132936567989e-02
6.957340532709059555e-02
6.795301932481552509e-02
6.633263332254044076e-02
6.471224732026537030e-02
6.309186131799028596e-02
6.147147531571520163e-02
5.985108931344012423e-02
5.823070331116503989e-02
5.661031730888996250e-02
5.498993130661487816e-02
5.336954530433980770e-02
5.197957031903043673e-02
5.058959533408696058e-02
4.919962034914348442e-02
4.780964536420000827e-02
4.641967037925652517e-02
4.502969539431304902e-02
4.363972040936956592e-02
4.224974542442608977e-02
4.085977043948262055e-02
3.946979545453913746e-02
3.807982046959566130e-02
3.668984548465218515e-02
3.543221367608120204e-02
3.417458186772182049e-02
3.291695005936243895e-02
3.165931825100306435e-02
3.040168644264368281e-02
2.914405463428430126e-02
2.788642282592491972e-02
2.662879101756553818e-02
2.537115920920615664e-02
2.411352740084677510e-02
2.285589559248739355e-02
2.159826378412801895e-02
2.039609155171912339e-02
1.919391931939951404e-02
1.799174708707990122e-02
1.678957485476028841e-02
1.558740262244067559e-02
1.438523039012106104e-02
1.318305815780144996e-02
1.198088592548183541e-02
1.077871369316222259e-02
9.576541460842611514e-03
8.374369228522998698e-03
7.172196996203385015e-03
6.061389889555007272e-03
4.950582783054706393e-03
3.839775676554405513e-03
2.728968570054104200e-03
1.618161463553803537e-03
5.073543570535027662e-04
-6.034527494467978965e-04
-1.714259855947098668e-03
-2.825066962447399330e-03
-3.935874068947701511e-03
-5.046681175448000656e-03
-6.157488281948302403e-03
-7.100658706715641012e-03
-8.043829131209458833e-03
-8.986999555703274051e-03
-9.930169980197091004e-03
-1.087334040469090796e-02
-1.181651082918472491e-02
-1.275968125367854186e-02
-1.370285167817236055e-02
-1.464602210266617577e-02
-1.558919252715999446e-02
-1.653236295165380967e-02
-1.747553337614762836e-02
-1.816717223281891225e-02
-1.885881108907704398e-02
-1.955044994533517572e-02
-2.024208880159330745e-02
-2.093372765785143919e-02
-2.162536651410957439e-02
-2.231700537036770612e-02
-2.300864422662583786e-02
-2.370028308288397306e-02
-2.439192193914210133e-02
-2.508356079540023653e-02
-2.577519965165836480e-02
-2.631779777537644402e-02
-2.686039589884808496e-02
-2.740299402231972589e-02
-2.794559214579136683e-02
-2.848819026926301123e-02
-2.903078839273464870e-02
-2.957338651620629311e-02
-3.011598463967793404e-02
-3.065858276314957498e-02
-3.120118088662121592e-02
-3.174377901009285685e-02
-3.228637713356450473e-02
-3.247171513758227712e-02
-3.265705314100544182e-02
-3.284239114442859958e-02
-3.302772914785177122e-02
-3.321306715127493592e-02
-3.339840515469809368e-02
-3.358374315812125838e-02
-3.376908116154442308e-02
-3.395441916496758777e-02
-3.413975716839074553e-02
-3.432509517181391023e-02
-3.451043317523707493e-02
-3.465609869925839054e-02
-3.480176422321325236e-02
-3.494742974716810030e-02
-3.509309527112295518e-02
-3.523876079507781006e-02
-3.538442631903266494e-02
-3.553009184298751982e-02
-3.567575736694237470e-02
-3.582142289089722959e-02
-3.596708841485208447e-02
-3.611275393880693935e-02
-3.625841946276179423e-02
-3.625276000351333044e-02
-3.624710054400969578e-02
-3.624144108450606111e-02
-3.623578162500243338e-02
-3.623012216549879871e-02
-3.622446270599517099e-02
-3.621880324649153632e-02
-3.621314378698790859e-02
-3.620748432748427392e-02
-3.620182486798063926e-02
-3.619616540847701153e-02
-3.619050594897338380e-02
-3.611426272653837227e-02
-3.603801950398358156e-02
-3.596177628142879085e-02
-3.588553305887399320e-02
-3.580928983631919554e-02
-3.573304661376440483e-02
-3.565680339120960718e-02
-3.558056016865481647e-02
-3.550431694610001881e-02
-3.542807372354522810e-02
-3.535183050099043045e-02
-3.527558727843563974e-02
-3.521611569329988201e-02
-3.515664410819276803e-02
-3.509717252308566099e-02
-3.503770093797854701e-02
-3.497822935287143997e-02
-3.491875776776432599e-02
-3.485928618265721202e-02
-3.479981459755010498e-02
-3.474034301244299794e-02
-3.468087142733588396e-02
-3.462139984222876998e-02
-3.456192825712166294e-02
-3.427512277608112806e-02
-3.398831729464982243e-02
-3.370151181321850986e-02
-3.341470633178720423e-02
-3.312790085035589166e-02
-3.284109536892458603e-02
-3.255428988749327346e-02
-3.226748440606196783e-02
-3.198067892463066220e-02
-3.169387344319935657e-02
-3.140706796176804400e-02
-3.112026248033673489e-02
-3.072725954591472297e-02
-3.033425661130899689e-02
-2.994125367670327428e-02
-2.954825074209755167e-02
-2.915524780749183253e-02
-2.876224487288610646e-02
-2.836924193828038385e-02
-2.797623900367466124e-02
-2.758323606906893863e-02
-2.719023313446321602e-02
-2.679723019985749341e-02
-2.640422726525177427e-02
-2.631262505894771050e-02
-2.622102285316831732e-02
-2.612942064738892761e-02
-2.603781844160953790e-02
-2.594621623583014472e-02
-2.585461403005075501e-02
-2.576301182427136530e-02
-2.567140961849196865e-02
-2.557980741271257893e-02
-2.548820520693318922e-02
-2.539660300115379604e-02
-2.530500079537440633e-02
-2.516118361161457512e-02
-2.501736642776327887e-02
-2.487354924391198263e-02
-2.472973206006068639e-02
-2.458591487620939361e-02
-2.444209769235809737e-02
-2.429828050850680113e-02
-2.415446332465550835e-02
-2.401064614080420864e-02
-2.386682895695291587e-02
-2.372301177310161963e-02
-2.357919458925032338e-02
-2.351867798743433047e-02
-2.345816138576516455e-02
-2.339764478409599863e-02
-2.333712818242682924e-02
-2.327661158075766679e-02
-2.321609497908849740e-02
-2.315557837741932801e-02
-2.309506177575016556e-02
-2.303454517408099617e-02
-2.297402857241183372e-02
-2.291351197074266433e-02
-2.285299536907349494e-02
-2.283348307689389914e-02
-2.281397078478702989e-02
-2.279445849268015370e-02
-2.277494620057327751e-02
-2.275543390846640479e-02
-2.273592161635952860e-02
-2.271640932425265588e-02
-2.269689703214578316e-02
-2.267738474003890697e-02
-2.265787244793203425e-02
-2.263836015582515807e-02
-2.261884786371828535e-02
-2.263151283815431278e-02
-2.264417781264775956e-02
-2.265684278714120634e-02
-2.266950776163465311e-02
-2.268217273612810336e-02
-2.269483771062155014e-02
-2.270750268511499692e-02
-2.272016765960844370e-02
-2.273283263410189048e-02
-2.274549760859533726e-02
-2.275816258308878404e-02
-2.277082755758223082e-02
-2.277827433706897803e-02
-2.278572111654635426e-02
-2.279316789602372703e-02
-2.280061467550110674e-02
-2.280806145497847950e-02
-2.281550823445585921e-02
-2.282295501393323198e-02
-2.283040179341061168e-02
-2.283784857288798445e-02
-2.284529535236536416e-02
-2.285274213184273692e-02
-2.286018891132011663e-02
-2.288543806867797056e-02
-2.291068722606798280e-02
-2.293593638345799504e-02
-2.296118554084800381e-02
-2.298643469823801952e-02
-2.301168385562802829e-02
-2.303693301301804053e-02
-2.306218217040805277e-02
-2.308743132779806501e-02
-2.311268048518807725e-02
-2.313792964257808601e-02
-2.316317879996809825e-02
-2.318842795735809315e-02
-2.321367711474808110e-02
-2.323892627213807252e-02
-2.326417542952806047e-02
-2.328942458691805537e-02
-2.331467374430804332e-02
-2.333992290169803474e-02
-2.336517205908802269e-02
-2.339042121647801759e-02
-2.341567037386800554e-02
-2.344091953125799696e-02
-2.346616868864798491e-02
-2.349141784603797981e-02
-2.351666700342796776e-02
-2.354191616081795918e-02
-2.356716531820794713e-02
-2.359241447559794203e-02
