3.254244792844542683e-02
3.257295210040750399e-02
3.260345627236957422e-02
3.263396044433165138e-02
3.266446461629372161e-02
3.269496878825579878e-02
3.272547296021786900e-02
3.279202377279782227e-02
3.285857458537796288e-02
3.292512539795811044e-02
3.299167621053825800e-02
3.305822702311839861e-02
3.312477783569854617e-02
3.319132864827869372e-02
3.325787946085884128e-02
3.332443027343898190e-02
3.339098108601912945e-02
3.345753189859927701e-02
3.352408271117941763e-02
3.368255035242670448e-02
3.384101799367549013e-02
3.399948563492426884e-02
3.415795327617304755e-02
3.431642091742183320e-02
3.447488855867061885e-02
3.463335619991940451e-02
3.479182384116819016e-02
3.495029148241697581e-02
3.510875912366575452e-02
3.526722676491453323e-02
3.542569440616331888e-02
3.552900297103372268e-02
3.563231153590261380e-02
3.573562010077151185e-02
3.583892866564040297e-02
3.594223723050930103e-02
3.604554579537819214e-02
3.614885436024709020e-02
3.625216292511598826e-02
3.635547148998487937e-02
3.645878005485377743e-02
3.656208861972266855e-02
3.666539718459156660e-02
3.676788941482150852e-02
3.687038164505141574e-02
3.697287387528133684e-02
3.707536610551124406e-02
3.717785833574115129e-02
3.728035056597106545e-02
3.738284279620097961e-02
3.748533502643088683e-02
3.758782725666080099e-02
3.769031948689070821e-02
3.779281171712062237e-02
3.789530394735053653e-02
3.782747689776821270e-02
3.775964984817752057e-02
3.769182279858683537e-02
3.762399574899615018e-02
3.755616869940546498e-02
3.748834164981477285e-02
3.742051460022408765e-02
3.735268755063340246e-02
3.728486050104271032e-02
3.721703345145202513e-02
3.714920640186134687e-02
3.708137935227066168e-02
3.503451591721275238e-02
3.298765248203604922e-02
3.094078904685934953e-02
2.889392561168264983e-02
2.684706217650594667e-02
2.480019874132925045e-02
2.275333530615254729e-02
2.070647187097584760e-02
1.865960843579914791e-02
1.661274500062244822e-02
1.456588156544574679e-02
1.251901813026904710e-02
9.810634546158823396e-03
7.102250962001671955e-03
4.393867377844520514e-03
1.685483793687369072e-03
-1.022899790469783236e-03
-3.731283374626933810e-03
-6.439666958784084384e-03
-9.148050542941238428e-03
-1.185643412709838987e-02
-1.456481771125553958e-02
-1.727320129541268928e-02
-1.998158487956984419e-02
-2.043047789358320640e-02
-2.087937090741161933e-02
-2.132826392124003573e-02
-2.177715693506845213e-02
-2.222604994889686505e-02
-2.267494296272528145e-02
-2.312383597655369438e-02
-2.357272899038210731e-02
-2.402162200421052718e-02
-2.447051501803894011e-02
-2.491940803186735304e-02
-2.536830104569576944e-02
-2.474527727342239192e-02
-2.412225350104958005e-02
-2.349922972867676471e-02
-2.287620595630394937e-02
-2.225318218393113751e-02
-2.163015841155832217e-02
-2.100713463918550683e-02
-2.038411086681269149e-02
-1.976108709443987962e-02
-1.913806332206706429e-02
-1.851503954969424895e-02
-1.789201577732143361e-02
-1.700095444357863084e-02
-1.610989310980803432e-02
-1.521883177603744301e-02
-1.432777044226684997e-02
-1.343670910849625692e-02
-1.254564777472566214e-02
-1.165458644095506910e-02
-1.076352510718447432e-02
-9.872463773413879540e-03
-8.981402439643286495e-03
-8.090341105872693450e-03
-7.199279772102098671e-03
-6.373601607111473513e-03
-5.547923442128340626e-03
-4.722245277145207740e-03
-3.896567112162073986e-03
-3.070888947178941099e-03
-2.245210782195807345e-03
-1.419532617212674458e-03
-5.938544522295412459e-04
2.318237127535917764e-04
1.057501877736724853e-03
1.883180042719856872e-03
2.708858207702989976e-03
2.719779038367517356e-03
2.730699868929783222e-03
2.741620699492049087e-03
2.752541530054314952e-03
2.763462360616580817e-03
2.774383191178846682e-03
2.785304021741112548e-03
2.796224852303378847e-03
2.807145682865644712e-03
2.818066513427910143e-03
2.828987343990176009e-03
2.839908174552441874e-03
3.060345706632612572e-03
3.280783238741365876e-03
3.501220770850119179e-03
3.721658302958872917e-03
3.942095835067626654e-03
4.162533367176379090e-03
4.382970899285132393e-03
4.603408431393886564e-03
4.823845963502639868e-03
5.044283495611394039e-03
5.264721027720147342e-03
5.485158559828900646e-03
5.848738242787161930e-03
6.212317925766513982e-03
6.575897608745866034e-03
6.939477291725218086e-03
7.303056974704570138e-03
7.666636657683921323e-03
8.030216340663273375e-03
8.393796023642626294e-03
8.757375706621977479e-03
9.120955389601328664e-03
9.484535072580681583e-03
9.848114755560032768e-03
1.030280875967198861e-02
1.075750276379836348e-02
1.121219676792474008e-02
1.166689077205111322e-02
1.212158477617748809e-02
1.257627878030386295e-02
1.303097278443023956e-02
1.348566678855661269e-02
1.394036079268298756e-02
1.439505479680936242e-02
1.484974880093573729e-02
1.530444280506211216e-02
1.570340458546476761e-02
1.610236636585799311e-02
1.650132814625122207e-02
1.690028992664444757e-02
1.729925170703767653e-02
1.769821348743090203e-02
1.809717526782412753e-02
1.849613704821735649e-02
1.889509882861058199e-02
1.929406060900380748e-02
1.969302238939703645e-02
2.009198416979026541e-02
2.042609973208374397e-02
2.076021529436554783e-02
2.109433085664734822e-02
2.142844641892914861e-02
2.176256198121094901e-02
2.209667754349275287e-02
2.243079310577455673e-02
2.276490866805635366e-02
2.309902423033815752e-02
2.343313979261995791e-02
2.376725535490176178e-02
2.410137091718356564e-02
2.436348036798021213e-02
2.462558981876310227e-02
2.488769926954599934e-02
2.514980872032889295e-02
2.541191817111179002e-02
2.567402762189468016e-02
2.593613707267757376e-02
2.619824652346047084e-02
2.646035597424336444e-02
2.672246542502625805e-02
2.698457487580915165e-02
2.724668432659204872e-02
2.745237108708284759e-02
2.765805784756225280e-02
2.786374460804166495e-02
2.806943136852107015e-02
2.827511812900047883e-02
2.848080488947988403e-02
2.868649164995928924e-02
2.889217841043870139e-02
2.909786517091810659e-02
2.930355193139751527e-02
2.950923869187692047e-02
2.971492545235633262e-02
2.983397598890877994e-02
2.995302652544279409e-02
3.007207706197680824e-02
3.019112759851081892e-02
3.031017813504483654e-02
3.042922867157884723e-02
3.054827920811285791e-02
3.066732974464687206e-02
3.078638028118088621e-02
3.090543081771490036e-02
3.102448135424891104e-02
3.114353189078292172e-02
3.134314394323362007e-02
3.154275599570234567e-02
3.174236804817107127e-02
3.194198010063978993e-02
3.214159215310851553e-02
3.234120420557723419e-02
3.254081625804595285e-02
3.274042831051467844e-02
3.294004036298340404e-02
3.313965241545212270e-02
3.333926446792084136e-02
3.353887652038956696e-02
3.367443184999382305e-02
3.380998717958303562e-02
3.394554250917225513e-02
3.408109783876146770e-02
3.421665316835068027e-02
3.435220849793990672e-02
3.448776382752911929e-02
3.462331915711833880e-02
3.475887448670755137e-02
3.489442981629677087e-02
3.502998514588598344e-02
3.516554047547520989e-02
3.516603511892019834e-02
3.516652976233201888e-02
3.516702440574383942e-02
3.516751904915565996e-02
3.516801369256748050e-02
3.516850833597930798e-02
3.516900297939112852e-02
3.516949762280294906e-02
3.516999226621476959e-02
3.517048690962659013e-02
3.517098155303841761e-02
3.517147619645024509e-02
3.521453351165985957e-02
3.525759082688039586e-02
3.530064814210093216e-02
3.534370545732146845e-02
3.538676277254200475e-02
3.542982008776254105e-02
3.547287740298307734e-02
3.551593471820361364e-02
3.555899203342414994e-02
3.560204934864468623e-02
3.564510666386522253e-02
3.568816397908576576e-02
3.572218339358939482e-02
3.575620280809061607e-02
3.579022222259183039e-02
3.582424163709304471e-02
3.585826105159426597e-02
3.589228046609548028e-02
3.592629988059669460e-02
3.596031929509790892e-02
3.599433870959913018e-02
3.602835812410034450e-02
3.606237753860155881e-02
3.609639695310278007e-02
3.584757645673612020e-02
3.559875596029075245e-02
3.534993546384537777e-02
3.510111496740000309e-02
3.485229447095463534e-02
3.460347397450925372e-02
3.435465347806387904e-02
3.410583298161850435e-02
3.385701248517312967e-02
3.360819198872776192e-02
3.335937149228238724e-02
3.311055099583701256e-02
3.295804874808436202e-02
3.280554650035957115e-02
3.265304425263477334e-02
3.250054200490997552e-02
3.234803975718518465e-02
3.219553750946039378e-02
3.204303526173559596e-02
3.189053301401079815e-02
3.173803076628600728e-02
3.158552851856120947e-02
3.143302627083641165e-02
3.128052402311162078e-02
3.124595396635155078e-02
3.121138390962687262e-02
3.117681385290220139e-02
3.114224379617752669e-02
3.110767373945285200e-02
3.107310368272817383e-02
3.103853362600349913e-02
3.100396356927882444e-02
3.096939351255414627e-02
3.093482345582947157e-02
3.090025339910479688e-02
3.086568334238012218e-02
3.090238170289386077e-02
3.093908006342976219e-02
3.097577842396566708e-02
3.101247678450157197e-02
3.104917514503747339e-02
3.108587350557337828e-02
3.112257186610928317e-02
3.115927022664518459e-02
3.119596858718108948e-02
3.123266694771699437e-02
3.126936530825289579e-02
3.130606366878880414e-02
3.137744773870437820e-02
3.144883180863113081e-02
3.152021587855786955e-02
3.159159994848461522e-02
3.166298401841136090e-02
3.173436808833811351e-02
3.180575215826485919e-02
3.187713622819159792e-02
3.194852029811835054e-02
3.201990436804509621e-02
3.209128843797184188e-02
3.216267250789858756e-02
3.228248296631402309e-02
3.240229342474558460e-02
3.252210388317713918e-02
3.264191434160869376e-02
3.276172480004024834e-02
3.288153525847180986e-02
3.300134571690336444e-02
3.312115617533491901e-02
3.324096663376647359e-02
3.336077709219803511e-02
3.348058755062958969e-02
3.360039800906115121e-02
3.367335938484881941e-02
3.374632076062038244e-02
3.381928213639194547e-02
3.389224351216351544e-02
3.396520488793507847e-02
3.403816626370664150e-02
3.411112763947820453e-02
3.418408901524977450e-02
3.425705039102133753e-02
3.433001176679290056e-02
3.440297314256446359e-02
3.447593451833602662e-02
3.207277854933984068e-02
2.966962257946536771e-02
2.726646660959089474e-02
2.486331063971642524e-02
2.246015466984194880e-02
2.005699869996747237e-02
1.765384273009300287e-02
1.525068676021852816e-02
1.284753079034405693e-02
1.044437482046958222e-02
8.041218850595107520e-03
5.638062880720636286e-03
-1.231655785959611749e-03
-8.101374454272908948e-03
-1.497109312258620983e-02
-2.184081179089950378e-02
-2.871053045921280120e-02
-3.558024912752610208e-02
-4.244996779583939950e-02
-4.931968646415270385e-02
-5.618940513246599433e-02
-6.305912380077929869e-02
-6.992884246909257528e-02
-7.679856113740590740e-02
-7.798759340935043638e-02
-7.917662567915603744e-02
-8.036565794896163850e-02
-8.155469021876723956e-02
-8.274372248857284062e-02
-8.393275475837844168e-02
-8.512178702818402887e-02
-8.631081929798964381e-02
-8.749985156779524487e-02
-8.868888383760084593e-02
-8.987791610740643311e-02
-9.106694837721204805e-02
-9.057992232424329215e-02
-9.009289627062518069e-02
-8.960587021700705534e-02
-8.911884416338894388e-02
-8.863181810977080466e-02
-8.814479205615267932e-02
-8.765776600253456785e-02
-8.717073994891644251e-02
-8.668371389529831716e-02
-8.619668784168019182e-02
-8.570966178806206648e-02
-8.522263573444395501e-02
-8.494834029500886174e-02
-8.467404485565852013e-02
-8.439974941630817851e-02
-8.412545397695783689e-02
-8.385115853760748139e-02
-8.357686309825713977e-02
-8.330256765890679815e-02
-8.302827221955645653e-02
-8.275397678020611492e-02
-8.247968134085575942e-02
-8.220538590150541780e-02
-8.193109046215509006e-02
-8.093266244933595976e-02
-7.993423443622048319e-02
-7.893580642310500661e-02
-7.793737840998953004e-02
-7.693895039687403958e-02
-7.594052238375854913e-02
-7.494209437064307255e-02
-7.394366635752758210e-02
-7.294523834441210552e-02
-7.194681033129662895e-02
-7.094838231818113850e-02
-6.994995430506566192e-02
-6.955010166451709719e-02
-6.915024902422005348e-02
-6.875039638392299590e-02
-6.835054374362595220e-02
-6.795069110332889462e-02
-6.755083846303185091e-02
-6.715098582273479333e-02
-6.675113318243774962e-02
-6.635128054214070592e-02
-6.595142790184366222e-02
-6.555157526154660463e-02
-6.515172262124956093e-02
-6.536970412120751694e-02
-6.558768562143181546e-02
-6.580566712165612786e-02
-6.602364862188044026e-02
-6.624163012210473878e-02
-6.645961162232905117e-02
-6.667759312255336357e-02
-6.689557462277766209e-02
-6.711355612300196061e-02
-6.733153762322627300e-02
-6.754951912345057152e-02
-6.776750062367488392e-02
-6.740944557900017953e-02
-6.705139053407083161e-02
-6.669333548914151144e-02
-6.633528044421217740e-02
-6.597722539928285723e-02
-6.561917035435352319e-02
-6.526111530942418915e-02
-6.490306026449485510e-02
-6.454500521956552106e-02
-6.418695017463620089e-02
-6.382889512970686685e-02
-6.347084008477753281e-02
-6.272459503681745985e-02
-6.197834998868158307e-02
-6.123210494054569242e-02
-6.048585989240980870e-02
-5.973961484427391805e-02
-5.899336979613802739e-02
-5.824712474800214368e-02
-5.750087969986625303e-02
-5.675463465173036931e-02
-5.600838960359447866e-02
-5.526214455545859494e-02
-5.451589950732270429e-02
-5.316810597829248197e-02
-5.182031244898323286e-02
-5.047251891967399068e-02
-4.912472539036474156e-02
-4.777693186105549245e-02
-4.642913833174625721e-02
-4.508134480243700809e-02
-4.373355127312775897e-02
-4.238575774381850986e-02
-4.103796421450927462e-02
-3.969017068520002550e-02
-3.834237715589077639e-02
-3.694681048107878452e-02
-3.555124380624411634e-02
-3.415567713140944123e-02
-3.276011045657477305e-02
-3.136454378174010488e-02
-2.996897710690543323e-02
-2.857341043207076159e-02
-2.717784375723608994e-02
-2.578227708240142524e-02
-2.438671040756675359e-02
-2.299114373273208195e-02
-2.159557705789741031e-02
-2.039561671916096525e-02
-1.919565638051952405e-02
-1.799569604187807592e-02
-1.679573570323663126e-02
-1.559577536459518833e-02
-1.439581502595374540e-02
-1.319585468731230074e-02
-1.199589434867085781e-02
-1.079593401002941315e-02
-9.595973671387968487e-03
-8.396013332746525559e-03
-7.196052994105081764e-03
-7.209876327348584482e-03
-7.223699661194834219e-03
-7.237522995041083089e-03
-7.251346328887333693e-03
-7.265169662733583431e-03
-7.278992996579832300e-03
-7.292816330426082037e-03
-7.306639664272331774e-03
-7.320462998118580644e-03
-7.334286331964830381e-03
-7.348109665811080118e-03
-7.361932999657329856e-03
-7.373117836655659896e-03
-7.384302673652651597e-03
-7.395487510649641563e-03
-7.406672347646633264e-03
-7.417857184643624098e-03
-7.429042021640615799e-03
-7.440226858637607500e-03
-7.451411695634598334e-03
-7.462596532631590035e-03
-7.473781369628581736e-03
-7.484966206625572570e-03
-7.496151043622564271e-03
-7.250722085681425740e-03
-7.005293127607255602e-03
-6.759864169533085464e-03
-6.514435211458915326e-03
-6.269006253384745188e-03
-6.023577295310575050e-03
-5.778148337236404912e-03
-5.532719379162233907e-03
-5.287290421088063769e-03
-5.041861463013893631e-03
-4.796432504939723493e-03
-4.551003546865553355e-03
-4.019431319655242772e-03
-3.487859092293468712e-03
-2.956286864931695086e-03
-2.424714637569921026e-03
-1.893142410208147400e-03
-1.361570182846373774e-03
-8.299979554845994967e-04
-2.984257281228262500e-04
2.331464992389484063e-04
7.647187266007221410e-04
1.296290953962495876e-03
1.827863181324269502e-03
2.393032409716526563e-03
2.958201638126934686e-03
3.523370866537341942e-03
4.088540094947749198e-03
4.653709323358156888e-03
5.218878551768564578e-03
5.784047780178972267e-03
6.349217008589379090e-03
6.914386236999787647e-03
7.479555465410195336e-03
8.044724693820603026e-03
8.609893922231008981e-03
9.074243848099237605e-03
9.538593773911897833e-03
1.000294369972455806e-02
1.046729362553721829e-02
1.093164355134988025e-02
1.139599347716254048e-02
1.186034340297520244e-02
1.232469332878786267e-02
1.278904325460052289e-02
1.325339318041318312e-02
1.371774310622584335e-02
1.418209303203850531e-02
1.352807007640700367e-02
1.287404712014690242e-02
1.222002416388679943e-02
1.156600120762669819e-02
1.091197825136659694e-02
1.025795529510649569e-02
9.603932338846390970e-03
8.949909382586291456e-03
8.295886426326188473e-03
7.641863470066088092e-03
6.987840513805985108e-03
6.333817557545883860e-03
3.084417893335731665e-03
-1.649817723615239922e-04
-3.414381438058779542e-03
-6.663781103756033844e-03
-9.913180769453291616e-03
-1.316258043515054592e-02
-1.641198010084780196e-02
-1.966137976654505626e-02
-2.291077943224231056e-02
-2.616017909793956833e-02
-2.940957876363682263e-02
-3.265897842933408041e-02
-3.298076097643203031e-02
-3.330254352182055594e-02
-3.362432606720908157e-02
-3.394610861259760720e-02
-3.426789115798613977e-02
-3.458967370337465846e-02
-3.491145624876318410e-02
-3.523323879415171667e-02
-3.555502133954024230e-02
-3.587680388492876793e-02
-3.619858643031729356e-02
-3.652036897570581919e-02
-3.584017383249055166e-02
-3.515997868867929560e-02
-3.447978354486803954e-02
-3.379958840105678347e-02
-3.311939325724552741e-02
-3.243919811343427134e-02
-3.175900296962301528e-02
-3.107880782581175921e-02
-3.039861268200050315e-02
-2.971841753818925055e-02
-2.903822239437799449e-02
-2.835802725056673843e-02
-2.740099676412842411e-02
-2.644396627752242102e-02
-2.548693579091642139e-02
-2.452990530431042177e-02
-2.357287481770441867e-02
-2.261584433109842251e-02
-2.165881384449241942e-02
-2.070178335788641980e-02
-1.974475287128041670e-02
-1.878772238467442054e-02
-1.783069189806842092e-02
-1.687366141146241783e-02
-1.629328306376162661e-02
-1.571290471629309404e-02
-1.513252636882455801e-02
-1.455214802135602371e-02
-1.397176967388749115e-02
-1.339139132641895512e-02
-1.281101297895042082e-02
-1.223063463148188652e-02
-1.165025628401335396e-02
-1.106987793654481793e-02
-1.048949958907628363e-02
-9.909121241607749334e-03
-9.454324908196136412e-03
-8.999528574863330244e-03
-8.544732241530525810e-03
-8.089935908197719641e-03
-7.635139574864915207e-03
-7.180343241532109039e-03
-6.725546908199304605e-03
-6.270750574866499304e-03
-5.815954241533694870e-03
-5.361157908200889569e-03
-4.906361574868083400e-03
-4.451565241535278966e-03
-3.819413637429590683e-03
-3.187262033210666156e-03
-2.555110428991742930e-03
-1.922958824772819271e-03
-1.290807220553895612e-03
-6.586556163349718438e-04
-2.650401211604805913e-05
6.056475921028752580e-04
1.237799196321799459e-03
1.869950800540722685e-03
2.502102404759646778e-03
3.134254008978570004e-03
3.651068306703315024e-03
4.167882604353161623e-03
4.684696902003009089e-03
5.201511199652855688e-03
5.718325497302702287e-03
6.235139794952549754e-03
6.751954092602396353e-03
7.268768390252242952e-03
7.785582687902090418e-03
8.302396985551937017e-03
8.819211283201783616e-03
9.336025580851630215e-03
9.762482923338738211e-03
1.018894026576618560e-02
1.061539760819363298e-02
1.104185495062108037e-02
1.146831229304852602e-02
1.189476963547597341e-02
1.232122697790341906e-02
1.274768432033086644e-02
1.317414166275831210e-02
1.360059900518576122e-02
1.402705634761320513e-02
1.445351369004065425e-02
1.385464438091238253e-02
1.325577507109590089e-02
1.265690576127942446e-02
1.205803645146294283e-02
1.145916714164646640e-02
1.086029783182998476e-02
1.026142852201350833e-02
9.662559212197026695e-03
9.063689902380550265e-03
8.464820592564068630e-03
7.865951282747590464e-03
7.267081972931112299e-03
6.542781399876591159e-03
5.818480826736509987e-03
5.094180253596430549e-03
4.369879680456348510e-03
3.645579107316268639e-03
2.921278534176187901e-03
2.196977961036107162e-03
1.472677387896026207e-03
7.483768147559462279e-04
2.407624161586545915e-05
-7.002243315242153571e-04
-1.424524904664296095e-03
-1.229147408898212694e-03
-1.033769912494760228e-03
-8.383924160913077631e-04
-6.430149196878554062e-04
-4.476374232844030493e-04
-2.522599268809506924e-04
-5.688243047749821349e-05
1.384950659259542654e-04
3.338725623294065410e-04
5.292500587328589521e-04
7.246275551363112006e-04
9.200050515397637744e-04
1.476067455616594110e-03
2.032129859947328331e-03
2.588192264278062552e-03
3.144254668608796772e-03
3.700317072939530560e-03
4.256379477270264347e-03
4.812441881600998568e-03
5.368504285931733656e-03
5.924566690262467010e-03
6.480629094593201231e-03
7.036691498923936319e-03
7.592753903254669673e-03
8.198452046286150430e-03
8.804150189353113221e-03
9.409848332420074277e-03
1.001554647548703707e-02
1.062124461855399812e-02
1.122694276162096265e-02
1.183264090468792544e-02
1.243833904775488650e-02
1.304403719082184929e-02
1.364973533388881208e-02
1.425543347695577487e-02
1.486113162002273766e-02
1.544223187613529176e-02
1.602333213222999209e-02
1.660443238832469762e-02
1.718553264441939621e-02
1.776663290051410174e-02
1.834773315660880727e-02
1.892883341270350933e-02
1.950993366879821139e-02
2.009103392489291345e-02
2.067213418098761205e-02
2.125323443708231758e-02
2.183433469317702311e-02
2.235382668812469636e-02
2.287331868302698579e-02
2.339281067792927521e-02
2.391230267283156463e-02
2.443179466773385405e-02
2.495128666263614695e-02
2.547077865753843290e-02
2.599027065244072232e-02
2.650976264734301521e-02
2.702925464224530464e-02
2.754874663714759406e-02
2.806823863204988001e-02
2.836981285459175967e-02
2.867138707697072103e-02
2.897296129934968240e-02
2.927453552172864029e-02
2.957610974410760166e-02
2.987768396648656302e-02
3.017925818886552092e-02
3.048083241124448228e-02
3.078240663362344018e-02
3.108398085600240154e-02
3.138555507838135944e-02
3.168712930076032080e-02
3.147846365191225154e-02
3.126979800267716547e-02
3.106113235344206899e-02
3.085246670420697598e-02
3.064380105497187951e-02
3.043513540573678650e-02
3.022646975650169349e-02
3.001780410726659701e-02
2.980913845803150747e-02
2.960047280879641099e-02
2.939180715956131451e-02
2.918314151032622497e-02
2.901973648902685457e-02
2.885633146776231048e-02
2.869292644649776639e-02
2.852952142523322229e-02
2.836611640396867820e-02
2.820271138270413411e-02
2.803930636143958655e-02
2.787590134017504245e-02
2.771249631891049836e-02
2.754909129764595427e-02
2.738568627638141018e-02
2.722228125511686608e-02
2.730646116731452744e-02
2.739064107970539536e-02
2.747482099209625980e-02
2.755900090448712772e-02
2.764318081687799217e-02
2.772736072926886008e-02
2.781154064165972453e-02
2.789572055405059245e-02
2.797990046644146037e-02
2.806408037883232481e-02
2.814826029122319273e-02
2.823244020361405718e-02
2.838352938514786608e-02
2.853461856673461527e-02
2.868570774832137141e-02
2.883679692990812407e-02
2.898788611149487326e-02
2.913897529308162593e-02
2.929006447466837512e-02
2.944115365625512779e-02
2.959224283784187698e-02
2.974333201942862964e-02
2.989442120101538231e-02
3.004551038260213497e-02
3.003697873669265717e-02
3.002844709065513942e-02
3.001991544461761821e-02
3.001138379858010047e-02
3.000285215254258273e-02
2.999432050650506151e-02
2.998578886046754377e-02
2.997725721443002256e-02
2.996872556839250482e-02
2.996019392235498707e-02
2.995166227631746586e-02
2.994313063027994812e-02
2.995789880691369228e-02
2.997266698356637615e-02
2.998743516021906350e-02
3.000220333687175431e-02
3.001697151352444165e-02
3.003173969017712899e-02
3.004650786682981634e-02
3.006127604348250021e-02
3.007604422013519102e-02
3.009081239678787836e-02
3.010558057344056571e-02
3.012034875009325305e-02
3.028066361378992793e-02
3.044097847760653119e-02
3.060129334142313445e-02
3.076160820523973771e-02
3.092192306905634097e-02
3.108223793287294770e-02
3.124255279668955096e-02
3.140286766050615769e-02
3.156318252432276095e-02
3.172349738813936421e-02
3.188381225195596747e-02
3.204412711577257072e-02
3.225497825585220413e-02
3.246582939597403988e-02
3.267668053609586176e-02
3.288753167621769058e-02
3.309838281633951940e-02
3.330923395646134821e-02
3.352008509658317009e-02
3.373093623670500585e-02
3.394178737682683467e-02
3.415263851694865654e-02
3.436348965707048536e-02
3.457434079719231418e-02
3.450668101090898637e-02
3.443902122439009006e-02
3.437136143787119374e-02
3.430370165135229743e-02
3.423604186483340112e-02
3.416838207831449786e-02
3.410072229179560849e-02
3.403306250527670523e-02
3.396540271875780892e-02
3.389774293223891261e-02
3.383008314572000935e-02
3.376242335920111998e-02
3.345511662450453144e-02
3.314780988960263491e-02
3.284050315470073145e-02
3.253319641979882798e-02
3.222588968489693145e-02
3.191858294999502799e-02
3.161127621509312452e-02
3.130396948019122799e-02
3.099666274528932453e-02
3.068935601038742453e-02
3.038204927548552453e-02
3.007474254058362106e-02
3.008852562934728747e-02
3.010230871838955047e-02
3.011609180743181000e-02
3.012987489647406605e-02
3.014365798551632905e-02
3.015744107455858858e-02
3.017122416360085158e-02
3.018500725264311110e-02
3.019879034168537410e-02
3.021257343072763363e-02
3.022635651976988969e-02
3.024013960881215268e-02
3.020876812883925913e-02
3.017739664882668899e-02
3.014602516881412231e-02
3.011465368880155563e-02
3.008328220878898202e-02
3.005191072877641534e-02
3.002053924876384866e-02
2.998916776875127851e-02
2.995779628873871184e-02
2.992642480872614516e-02
2.989505332871357501e-02
2.986368184870100834e-02
2.962719453113204365e-02
2.939070721338063116e-02
2.915421989562921520e-02
2.891773257787780271e-02
2.868124526012639022e-02
2.844475794237497426e-02
2.820827062462356177e-02
2.797178330687214928e-02
2.773529598912073679e-02
2.749880867136932083e-02
2.726232135361790834e-02
2.702583403586649585e-02
2.686177377221524165e-02
2.669771350862920264e-02
2.653365324504316364e-02
2.636959298145712463e-02
2.620553271787108562e-02
2.604147245428504315e-02
2.587741219069900414e-02
2.571335192711296513e-02
2.554929166352692960e-02
2.538523139994089059e-02
2.522117113635485158e-02
2.505711087276880911e-02
2.509830458309566734e-02
2.513949829360957386e-02
2.518069200412348385e-02
2.522188571463739037e-02
2.526307942515129690e-02
2.530427313566520342e-02
2.534546684617911341e-02
2.538666055669301994e-02
2.542785426720692646e-02
2.546904797772083298e-02
2.551024168823474297e-02
2.555143539874864950e-02
2.562633287014811148e-02
2.570123034157865971e-02
2.577612781300920794e-02
2.585102528443975617e-02
2.592592275587030093e-02
2.600082022730084916e-02
2.607571769873139739e-02
2.615061517016194215e-02
2.622551264159249038e-02
2.630041011302303861e-02
2.637530758445358336e-02
2.645020505588413159e-02
2.672124405180269224e-02
2.699228304790427663e-02
2.726332204400586101e-02
2.753436104010744540e-02
2.780540003620903325e-02
2.807643903231061763e-02
2.834747802841220202e-02
2.861851702451378640e-02
2.888955602061537078e-02
2.916059501671695517e-02
2.943163401281854302e-02
2.970267300892012741e-02
2.995788736025800994e-02
3.021310171158095997e-02
3.046831606290391001e-02
3.072353041422685310e-02
3.097874476554980314e-02
3.123395911687274970e-02
3.148917346819569973e-02
3.174438781951864630e-02
3.199960217084159286e-02
3.225481652216453943e-02
3.251003087348749293e-02
3.276524522481043256e-02
3.283839832538865133e-02
3.291155142579300225e-02
3.298470452619735316e-02
3.305785762660169713e-02
3.313101072700604804e-02
3.320416382741039896e-02
3.327731692781474987e-02
3.335047002821909384e-02
3.342362312862345169e-02
3.349677622902779567e-02
3.356992932943214658e-02
3.364308242983649749e-02
3.378558766454393264e-02
3.392809289931835587e-02
3.407059813409277216e-02
3.421310336886719539e-02
3.435560860364161861e-02
3.449811383841603490e-02
3.464061907319045813e-02
3.478312430796488136e-02
3.492562954273929765e-02
3.506813477751372088e-02
3.521064001228814411e-02
3.535314524706256040e-02
3.546521600484164871e-02
3.557728676259100387e-02
3.568935752034035902e-02
3.580142827808971417e-02
3.591349903583906933e-02
3.602556979358843142e-02
3.613764055133778658e-02
3.624971130908714173e-02
3.636178206683649689e-02
3.647385282458585204e-02
3.658592358233521413e-02
3.669799434008456929e-02
3.682864017621661351e-02
3.695928601236701111e-02
3.708993184851739483e-02
3.722057768466779243e-02
3.735122352081818309e-02
3.748186935696858069e-02
3.761251519311897135e-02
3.774316102926936894e-02
3.787380686541976654e-02
3.800445270157015720e-02
3.813509853772054786e-02
3.826574437387093852e-02
3.819885922658933231e-02
3.813197407911046721e-02
3.806508893163158824e-02
3.799820378415272315e-02
3.793131863667385806e-02
3.786443348919498603e-02
3.779754834171612093e-02
3.773066319423724890e-02
3.766377804675837687e-02
3.759689289927950484e-02
3.753000775180063975e-02
3.746312260432177466e-02
3.732615895612333839e-02
3.718919530785416011e-02
3.705223165958498183e-02
3.691526801131580354e-02
3.677830436304662526e-02
3.664134071477744697e-02
3.650437706650826869e-02
3.636741341823909041e-02
3.623044976996990518e-02
3.609348612170072690e-02
3.595652247343155555e-02
3.581955882516237727e-02
3.581851823777040811e-02
3.581747765051714744e-02
3.581643706326388676e-02
3.581539647601062609e-02
3.581435588875736542e-02
3.581331530150409781e-02
3.581227471425084408e-02
3.581123412699757647e-02
3.581019353974431579e-02
3.580915295249106206e-02
3.580811236523779445e-02
3.580707177798454072e-02
3.587020228688712897e-02
3.593333279585590040e-02
3.599646330482467876e-02
3.605959381379345713e-02
3.612272432276223549e-02
3.618585483173100692e-02
3.624898534069978528e-02
3.631211584966855671e-02
3.637524635863734201e-02
3.643837686760611344e-02
3.650150737657488487e-02
3.656463788554366323e-02
3.661446808342907339e-02
3.666429828130061963e-02
3.671412847917217281e-02
3.676395867704371212e-02
3.681378887491525836e-02
3.686361907278681155e-02
3.691344927065835085e-02
3.696327946852990404e-02
3.701310966640145028e-02
3.706293986427298959e-02
3.711277006214454277e-02
3.716260026001608902e-02
3.735049181261302503e-02
3.753838336535536557e-02
3.772627491809770611e-02
3.791416647084004665e-02
3.810205802358238719e-02
3.828994957632472079e-02
3.847784112906706133e-02
3.866573268180940187e-02
3.885362423455174241e-02
3.904151578729407601e-02
3.922940734003641655e-02
3.941729889277875709e-02
3.969228520078251637e-02
3.996727150887895152e-02
4.024225781697539361e-02
4.051724412507182876e-02
4.079223043316826391e-02
4.106721674126470600e-02
4.134220304936114115e-02
4.161718935745757630e-02
4.189217566555401839e-02
4.216716197365045354e-02
4.244214828174688869e-02
4.271713458984333078e-02
4.280592836682530627e-02
4.289472214360712243e-02
4.298351592038893859e-02
4.307230969717075475e-02
4.316110347395257091e-02
4.324989725073439401e-02
4.333869102751620322e-02
4.342748480429802632e-02
4.351627858107984942e-02
4.360507235786165864e-02
4.369386613464348174e-02
4.378265991142529096e-02
4.383150771130457646e-02
4.388035551114049387e-02
4.392920331097639741e-02
4.397805111081230095e-02
4.402689891064820449e-02
4.407574671048411497e-02
4.412459451032002544e-02
4.417344231015592898e-02
4.422229010999183252e-02
4.427113790982774300e-02
4.431998570966365347e-02
4.436883350949955701e-02
4.432272448683933358e-02
4.427661546407495735e-02
4.423050644131057418e-02
4.418439741854619796e-02
4.413828839578181479e-02
4.409217937301743162e-02
4.404607035025305539e-02
4.399996132748867222e-02
4.395385230472430294e-02
4.390774328195991977e-02
4.386163425919554354e-02
4.381552523643116037e-02
4.369493613764487833e-02
4.357434703877609283e-02
4.345375793990730040e-02
4.333316884103851491e-02
4.321257974216973635e-02
4.309199064330094392e-02
4.297140154443215843e-02
4.285081244556337293e-02
4.273022334669458050e-02
4.260963424782579501e-02
4.248904514895700257e-02
4.236845605008821708e-02
4.225306825461640214e-02
4.213768045915040894e-02
4.202229266368440880e-02
4.190690486821841559e-02
4.179151707275242239e-02
4.167612927728642225e-02
4.156074148182042904e-02
4.144535368635442890e-02
4.132996589088843570e-02
4.121457809542244249e-02
4.109919029995644235e-02
4.098380250449044915e-02
4.080883438620972609e-02
4.063386626786170269e-02
4.045889814951367930e-02
4.028393003116565591e-02
4.010896191281763251e-02
3.993399379446960912e-02
3.975902567612159266e-02
3.958405755777356233e-02
3.940908943942553894e-02
3.923412132107752248e-02
3.905915320272949215e-02
3.888418508438146876e-02
3.889579016802311578e-02
3.890739525187754400e-02
3.891900033573197221e-02
3.893060541958640736e-02
3.894221050344082863e-02
3.895381558729526378e-02
3.896542067114969199e-02
3.897702575500412714e-02
3.898863083885854841e-02
3.900023592271298356e-02
3.901184100656741177e-02
3.902344609042184692e-02
3.916015866564596937e-02
3.929687124101416407e-02
3.943358381638234489e-02
3.957029639175053265e-02
3.970700896711871347e-02
3.984372154248689429e-02
3.998043411785508899e-02
4.011714669322326982e-02
4.025385926859145758e-02
4.039057184395963840e-02
4.052728441932782616e-02
4.066399699469601392e-02
4.092006000824863210e-02
4.117612302193997265e-02
4.143218603563132013e-02
4.168824904932266068e-02
4.194431206301400816e-02
4.220037507670536259e-02
4.245643809039670313e-02
4.271250110408805062e-02
4.296856411777939116e-02
4.322462713147073865e-02
4.348069014516207920e-02
4.373675315885342668e-02
4.412888555716814459e-02
4.452101795564250564e-02
4.491315035411686668e-02
4.530528275259123466e-02
4.569741515106559571e-02
4.608954754953995675e-02
4.648167994801431779e-02
4.687381234648867884e-02
4.726594474496303988e-02
4.765807714343740092e-02
4.805020954191176197e-02
4.844234194038612301e-02
4.868671121717273176e-02
4.893108049378436936e-02
4.917544977039601389e-02
4.941981904700765149e-02
4.966418832361928909e-02
4.990855760023091975e-02
5.015292687684255735e-02
5.039729615345419494e-02
5.064166543006583254e-02
5.088603470667747014e-02
5.113040398328911468e-02
5.137477325990075228e-02
5.126996970133324005e-02
5.116516614234844357e-02
5.106036258336364708e-02
5.095555902437884366e-02
5.085075546539405411e-02
5.074595190640925069e-02
5.064114834742446114e-02
5.053634478843965772e-02
5.043154122945486123e-02
5.032673767047006474e-02
5.022193411148526826e-02
5.011713055250047177e-02
4.963240762242948634e-02
4.914768469190032574e-02
4.866296176137115820e-02
4.817823883084199760e-02
4.769351590031283700e-02
4.720879296978366946e-02
4.672407003925450886e-02
4.623934710872534132e-02
4.575462417819618072e-02
4.526990124766701318e-02
4.478517831713785258e-02
4.430045538660869198e-02
4.368738752005420917e-02
4.307431965334354573e-02
4.246125178663288230e-02
4.184818391992221887e-02
4.123511605321155543e-02
4.062204818650088506e-02
4.000898031979022162e-02
3.939591245307955819e-02
3.878284458636889476e-02
3.816977671965823132e-02
3.755670885294756789e-02
3.694364098623691139e-02
3.470253518475915899e-02
3.246142938128249167e-02
3.022032357780581741e-02
2.797921777432914661e-02
2.573811197085246888e-02
2.349700616737580156e-02
2.125590036389912382e-02
1.901479456042244956e-02
1.677368875694577877e-02
1.453258295346910450e-02
1.229147714999243024e-02
1.005037134651575771e-02
6.871464489040032299e-03
3.692557630402624590e-03
5.136507717652157978e-04
-2.665256086872192128e-03
-5.844162945509600270e-03
-9.023069804147007544e-03
-1.220197666278441569e-02
-1.538088352142182383e-02
-1.855979038005923371e-02
-2.173869723869664358e-02
-2.491760409733404999e-02
-2.809651095597145987e-02
-2.908420112470426477e-02
-3.007189129069882255e-02
-3.105958145669338033e-02
-3.204727162268793811e-02
-3.303496178868250283e-02
-3.402265195467706754e-02
-3.501034212067161838e-02
-3.599803228666617616e-02
-3.698572245266074088e-02
-3.797341261865529866e-02
-3.896110278464986337e-02
-3.994879295064442115e-02
-3.966366343557117813e-02
-3.937853391889346161e-02
-3.909340440221575202e-02
-3.880827488553804244e-02
-3.852314536886033980e-02
-3.823801585218263022e-02
-3.795288633550491370e-02
-3.766775681882720411e-02
-3.738262730214949453e-02
-3.709749778547179189e-02
-3.681236826879408230e-02
-3.652723875211636578e-02
-3.579536358382080091e-02
-3.506348841495720431e-02
-3.433161324609360077e-02
-3.359973807723001110e-02
-3.286786290836641450e-02
-3.213598773950281789e-02
-3.140411257063922129e-02
-3.067223740177562469e-02
-2.994036223291202808e-02
-2.920848706404843148e-02
-2.847661189518483835e-02
-2.774473672632123827e-02
-2.772296846995922145e-02
-2.770120021450783385e-02
-2.767943195905644624e-02
-2.765766370360505516e-02
-2.763589544815367102e-02
-2.761412719270227994e-02
-2.759235893725089234e-02
-2.757059068179950473e-02
-2.754882242634811712e-02
-2.752705417089672951e-02
-2.750528591544534190e-02
-2.748351765999395083e-02
-2.784894328801305885e-02
-2.821436891653292603e-02
-2.857979454505279321e-02
-2.894522017357266039e-02
-2.931064580209252410e-02
-2.967607143061239128e-02
-3.004149705913225846e-02
-3.040692268765212564e-02
-3.077234831617199282e-02
-3.113777394469185306e-02
-3.150319957321172371e-02
-3.186862520173158742e-02
-3.124383298595170486e-02
-3.061904076888035883e-02
-2.999424855180901628e-02
-2.936945633473767026e-02
-2.874466411766632770e-02
-2.811987190059498168e-02
-2.749507968352363912e-02
-2.687028746645229657e-02
-2.624549524938095402e-02
-2.562070303230961146e-02
-2.499591081523826544e-02
-2.437111859816692289e-02
-2.330902741003982453e-02
-2.224693622133762025e-02
-2.118484503263541596e-02
-2.012275384393321168e-02
-1.906066265523101086e-02
-1.799857146652880657e-02
-1.693648027782660229e-02
-1.587438908912439800e-02
-1.481229790042219371e-02
-1.375020671171999116e-02
-1.268811552301778861e-02
-1.162602433431558259e-02
-1.068745083257754795e-02
-9.748877331003300700e-03
-8.810303829429055184e-03
-7.871730327854807932e-03
-6.933156826280561548e-03
-5.994583324706315164e-03
-5.056009823132069647e-03
-4.117436321557822396e-03
-3.178862819983575578e-03
-2.240289318409329627e-03
-1.301715816835083894e-03
-3.631423152608380519e-04
7.570824993999799332e-05
5.145588144727249701e-04
9.534093790054520281e-04
1.392259943538179086e-03
1.831110508070905819e-03
2.269961072603632769e-03
2.708811637136359935e-03
3.147662201669086668e-03
3.586512766201813834e-03
4.025363330734541001e-03
4.464213895267268167e-03
4.903064459799994466e-03
4.928879548308204989e-03
4.954694636259695910e-03
4.980509724211186831e-03
5.006324812162677752e-03
5.032139900114169541e-03
5.057954988065660462e-03
5.083770076017151383e-03
5.109585163968642305e-03
5.135400251920134093e-03
5.161215339871624147e-03
5.187030427823115936e-03
5.212845515774606857e-03
4.320807042703148602e-03
3.428768568384524783e-03
2.536730094065900963e-03
1.644691619747276927e-03
7.526531454286526732e-04
-1.393853288899710922e-04
-1.031423803208594749e-03
-1.923462277527218569e-03
-2.815500751845842389e-03
-3.707539226164467076e-03
-4.599577700483089594e-03
-5.491616174801714281e-03
-5.364249925413226705e-03
-5.236883674628461938e-03
-5.109517423843696303e-03
-4.982151173058931536e-03
-4.854784922274165901e-03
-4.727418671489401134e-03
-4.600052420704635499e-03
-4.472686169919870731e-03
-4.345319919135105964e-03
-4.217953668350341197e-03
-4.090587417565575562e-03
-3.963221166780809927e-03
-3.312123555979779727e-03
-2.661025944455679051e-03
-2.009928332931577508e-03
-1.358830721407476398e-03
-7.077331098833756140e-04
-5.663549835927442997e-05
5.944621131648262797e-04
1.245559724688927606e-03
1.896657336213028715e-03
2.547754947737128958e-03
3.198852559261230067e-03
3.849950170785331610e-03
4.402812984717321444e-03
4.955675798512614201e-03
5.508538612307907825e-03
6.061401426103200582e-03
6.614264239898494206e-03
7.167127053693787830e-03
7.719989867489080587e-03
8.272852681284373344e-03
8.825715495079666101e-03
9.378578308874960592e-03
9.931441122670253349e-03
1.048430393646554784e-02
1.093901701619434501e-02
1.139373009578549360e-02
1.184844317537664046e-02
1.230315625496778732e-02
1.275786933455893592e-02
1.321258241415008451e-02
1.366729549374123311e-02
1.412200857333237997e-02
1.457672165292352683e-02
1.503143473251467542e-02
1.548614781210582401e-02
1.594086089169697087e-02
1.646716898719624220e-02
1.699347708279670341e-02
1.751978517839716462e-02
1.804609327399762583e-02
1.857240136959808358e-02
1.909870946519854479e-02
1.962501756079900600e-02
2.015132565639946374e-02
2.067763375199992842e-02
2.120394184760038617e-02
2.173024994320084738e-02
2.225655803880130859e-02
2.266941427955930163e-02
2.308227052015570172e-02
2.349512676075210874e-02
2.390798300134851576e-02
2.432083924194491931e-02
2.473369548254132286e-02
2.514655172313772988e-02
2.555940796373413690e-02
2.597226420433054045e-02
2.638512044492694400e-02
2.679797668552335102e-02
2.721083292611975457e-02
2.486206912461344856e-02
2.251330531914371574e-02
2.016454151367398293e-02
1.781577770820424664e-02
1.546701390273451208e-02
1.311825009726477927e-02
1.076948629179504471e-02
8.420722486325310160e-03
6.071958680855573873e-03
3.723194875385841054e-03
1.374431069916104984e-03
-9.743327355536276178e-04
-3.983259060415635447e-03
-6.992185386232301937e-03
-1.000111171204896669e-02
-1.301003803786563232e-02
-1.601896436368229967e-02
-1.902789068949896356e-02
-2.203681701531563092e-02
-2.504574334113229481e-02
-2.805466966694896216e-02
-3.106359599276562605e-02
-3.407252231858228647e-02
-3.708144864439896077e-02
-3.719351197855341740e-02
-3.730557530848711834e-02
-3.741763863842081927e-02
-3.752970196835452021e-02
-3.764176529828822115e-02
-3.775382862822191515e-02
-3.786589195815562303e-02
-3.797795528808931703e-02
-3.809001861802302491e-02
-3.820208194795671891e-02
-3.831414527789041985e-02
-3.842620860782412079e-02
-3.764522236465082244e-02
-3.686423612016659357e-02
-3.608324987568236469e-02
-3.530226363119813582e-02
-3.452127738671390000e-02
-3.374029114222967113e-02
-3.295930489774544225e-02
-3.217831865326121338e-02
-3.139733240877698450e-02
-3.061634616429275910e-02
-2.983535991980853022e-02
-2.905437367532430135e-02
-2.848498910281001273e-02
-2.791560453060865088e-02
-2.734621995840728903e-02
-2.677683538620592718e-02
-2.620745081400456533e-02
-2.563806624180320348e-02
-2.506868166960184163e-02
-2.449929709740047978e-02
-2.392991252519911793e-02
-2.336052795299775608e-02
-2.279114338079639424e-02
-2.222175880859503586e-02
-2.156366890770980774e-02
-2.090557900669243532e-02
-2.024748910567506291e-02
-1.958939920465768703e-02
-1.893130930364031808e-02
-1.827321940262294567e-02
-1.761512950160556978e-02
-1.695703960058819737e-02
-1.629894969957082149e-02
-1.564085979855344907e-02
-1.498276989753607666e-02
-1.432467999651870251e-02
-1.351205127790322015e-02
-1.269942255905582434e-02
-1.188679384020842854e-02
-1.107416512136103447e-02
-1.026153640251364040e-02
-9.448907683666244589e-03
-8.636278964818850518e-03
-7.823650245971454711e-03
-7.011021527124059773e-03
-6.198392808276664834e-03
-5.385764089429269895e-03
-4.573135370581873221e-03
-3.724007054080637202e-03
-2.874878737524227870e-03
-2.025750420967818103e-03
-1.176622104411408770e-03
-3.274937878549992747e-04
5.216345287014102208e-04
1.370762845257819662e-03
2.219891161814228128e-03
3.069019478370637894e-03
3.918147794927047227e-03
4.767276111483457861e-03
5.616404428039866760e-03
6.218557927452235227e-03
6.820711426488588504e-03
7.422864925524940045e-03
8.025018424561292454e-03
8.627171923597645731e-03
9.229325422633995538e-03
9.831478921670348814e-03
1.043363242070670036e-02
1.103578591974305190e-02
1.163793941877940344e-02
1.224009291781575672e-02
1.284224641685210652e-02
1.079022184956534083e-02
8.738197278208636315e-03
6.686172706851932664e-03
4.634148135495227278e-03
2.582123564138522325e-03
5.300989927818181317e-04
-1.521925578574886062e-03
-3.573950149931590364e-03
-5.625974721288294449e-03
-7.677999292645000702e-03
-9.730023864001702619e-03
-1.178204843535840887e-02
-1.693415593642159586e-02
-2.208626344227230739e-02
-2.723837094812301893e-02
-3.239047845397373393e-02
-3.754258595982444546e-02
-4.269469346567515006e-02
-4.784680097152586853e-02
-5.299890847737658006e-02
-5.815101598322729159e-02
-6.330312348907800313e-02
-6.845523099492871466e-02
-7.360733850077942619e-02
-7.400072282278859215e-02
-7.439410713739681713e-02
-7.478749145200505599e-02
-7.518087576661326710e-02
-7.557426008122149208e-02
-7.596764439582971706e-02
-7.636102871043794205e-02
-7.675441302504618091e-02
-7.714779733965439201e-02
-7.754118165426263087e-02
-7.793456596887085586e-02
-7.832795028347906696e-02
-7.715302581894539768e-02
-7.597810135195552650e-02
-7.480317688496562756e-02
-7.362825241797575637e-02
-7.245332795098587131e-02
-7.127840348399600012e-02
-7.010347901700610118e-02
-6.892855455001623000e-02
-6.775363008302634493e-02
-6.657870561603645987e-02
-6.540378114904658868e-02
-6.422885668205670362e-02
-6.279952596522186958e-02
-6.137019524798581482e-02
-5.994086453074976700e-02
-5.851153381351371224e-02
-5.708220309627766442e-02
-5.565287237904160966e-02
-5.422354166180556184e-02
-5.279421094456951402e-02
-5.136488022733345926e-02
-4.993554951009741144e-02
-4.850621879286135668e-02
-4.707688807562531580e-02
-4.585080124205419966e-02
-4.462471440880583923e-02
-4.339862757555747186e-02
-4.217254074230911143e-02
-4.094645390906074406e-02
-3.972036707581237669e-02
-3.849428024256401626e-02
-3.726819340931564889e-02
-3.604210657606729540e-02
-3.481601974281892803e-02
-3.358993290957056066e-02
-3.236384607632220023e-02
-3.125449819721205086e-02
-3.014515031828855426e-02
-2.903580243936505767e-02
-2.792645456044156455e-02
-2.681710668151806448e-02
-2.570775880259456789e-02
-2.459841092367107129e-02
-2.348906304474757470e-02
-2.237971516582407810e-02
-2.127036728690058151e-02
-2.016101940797708145e-02
-1.905167152905358832e-02
-1.799124413905039965e-02
-1.693081674912596396e-02
-1.587038935920152480e-02
-1.480996196927708911e-02
-1.374953457935265341e-02
-1.268910718942821425e-02
-1.162867979950377856e-02
-1.056825240957934113e-02
-9.507825019654905438e-03
-8.447397629730469745e-03
-7.386970239806032318e-03
-6.326542849881594890e-03
-5.346707973359936077e-03
-4.366873096968895002e-03
-3.387038220577853059e-03
-2.407203344186811551e-03
-1.427368467795770476e-03
-4.475335914047291839e-04
5.323012849863119995e-04
1.512136161377353183e-03
2.491971037768394258e-03
3.471805914159436200e-03
4.451640790550476408e-03
5.431475666941518350e-03
6.263439444594341363e-03
7.095403222005892095e-03
7.927366999417442828e-03
8.759330776828992693e-03
9.591294554240542558e-03
1.042325833165209416e-02
1.125522210906364576e-02
1.208718588647519736e-02
1.291914966388674722e-02
1.375111344129829882e-02
1.458307721870984695e-02
1.541504099612139855e-02
1.602513060544058857e-02
1.663522021439534093e-02
1.724530982335009330e-02
1.785539943230484566e-02
1.846548904125959803e-02
1.907557865021435040e-02
1.968566825916910276e-02
2.029575786812385513e-02
2.090584747707860749e-02
2.151593708603335639e-02
2.212602669498811223e-02
2.273611630394286112e-02
2.321473816580539931e-02
2.369336002745055930e-02
2.417198188909571929e-02
2.465060375074087928e-02
2.512922561238603927e-02
2.560784747403119579e-02
2.608646933567635579e-02
2.656509119732151578e-02
2.704371305896667577e-02
2.752233492061183576e-02
2.800095678225699575e-02
2.847957864390215574e-02
2.864306395039201841e-02
2.880654925635738051e-02
2.897003456232273566e-02
2.913351986828809775e-02
2.929700517425345985e-02
2.946049048021881847e-02
2.962397578618418056e-02
2.978746109214953572e-02
2.995094639811489781e-02
3.011443170408025644e-02
3.027791701004561853e-02
3.044140231601097368e-02
3.056989281619650403e-02
3.069838331632341114e-02
3.082687381645031130e-02
3.095536431657721493e-02
3.108385481670411510e-02
3.121234531683102220e-02
3.134083581695792237e-02
3.146932631708482253e-02
3.159781681721172963e-02
3.172630731733862980e-02
3.185479781746552996e-02
3.198328831759243707e-02
3.197829614971674228e-02
3.197330398161597059e-02
3.196831181351519890e-02
3.196331964541442722e-02
3.195832747731365553e-02
3.195333530921288384e-02
3.194834314111211215e-02
3.194335097301134740e-02
3.193835880491056878e-02
3.193336663680979709e-02
3.192837446870902540e-02
3.192338230060826065e-02
3.185612870815904274e-02
3.178887511560417323e-02
3.172162152304929678e-02
3.165436793049442032e-02
3.158711433793954387e-02
3.151986074538466742e-02
3.145260715282979791e-02
3.138535356027491452e-02
3.131809996772004501e-02
3.125084637516516856e-02
3.118359278261029210e-02
3.111633919005541912e-02
3.106387973698811894e-02
3.101142028394608674e-02
3.095896083090406148e-02
3.090650137786202928e-02
3.085404192482000055e-02
3.080158247177796835e-02
3.074912301873593962e-02
3.069666356569391436e-02
3.064420411265188215e-02
3.059174465960985342e-02
3.053928520656782122e-02
3.048682575352579249e-02
3.023383672291992189e-02
2.998084769196935132e-02
2.972785866101878074e-02
2.947486963006820671e-02
2.922188059911763613e-02
2.896889156816706556e-02
2.871590253721649152e-02
2.846291350626592095e-02
2.820992447531535385e-02
2.795693544436477981e-02
2.770394641341420924e-02
2.745095738246363867e-02
2.710429234996854231e-02
2.675762731731139502e-02
2.641096228465425119e-02
2.606429725199710737e-02
2.571763221933996355e-02
2.537096718668281625e-02
2.502430215402567243e-02
2.467763712136853207e-02
2.433097208871138478e-02
2.398430705605424096e-02
2.363764202339709714e-02
2.329097699073995331e-02
2.321017535023382761e-02
2.312937371019050878e-02
2.304857207014719342e-02
2.296777043010387459e-02
2.288696879006055576e-02
2.280616715001724040e-02
2.272536550997392157e-02
2.264456386993060275e-02
2.256376222988728392e-02
2.248296058984396856e-02
2.240215894980064973e-02
2.232135730975733437e-02
2.219449721708454185e-02
2.206763712433107080e-02
2.194077703157760323e-02
2.181391693882413219e-02
2.168705684607066114e-02
2.156019675331719357e-02
2.143333666056372253e-02
2.130647656781025495e-02
2.117961647505678044e-02
2.105275638230331287e-02
2.092589628954984182e-02
2.079903619679637425e-02
2.074565494210959052e-02
2.069227368755232471e-02
2.063889243299505891e-02
2.058551117843778963e-02
2.053212992388052383e-02
2.047874866932325455e-02
2.042536741476598874e-02
2.037198616020872294e-02
2.031860490565145366e-02
2.026522365109418786e-02
2.021184239653692205e-02
2.015846114197965278e-02
2.014124949084416735e-02
2.012403783977283200e-02
2.010682618870149665e-02
2.008961453763015784e-02
2.007240288655881902e-02
2.005519123548748020e-02
2.003797958441614485e-02
2.002076793334480950e-02
2.000355628227347068e-02
1.998634463120213187e-02
1.996913298013079652e-02
1.995192132905945770e-02
1.996309301097290781e-02
1.997426469293700838e-02
1.998543637490110547e-02
1.999660805686520604e-02
2.000777973882930313e-02
2.001895142079340370e-02
2.003012310275750427e-02
2.004129478472160136e-02
2.005246646668570193e-02
2.006363814864979903e-02
2.007480983061389959e-02
2.008598151257800016e-02
2.009255026264739410e-02
2.009911901270852036e-02
2.010568776276964661e-02
2.011225651283077981e-02
2.011882526289190606e-02
2.012539401295303579e-02
2.013196276301416204e-02
2.013853151307529524e-02
2.014510026313642149e-02
2.015166901319755122e-02
2.015823776325867747e-02
2.016480651331981067e-02
2.018707861153914637e-02
2.020935070978684828e-02
2.023162280803455018e-02
2.025389490628225209e-02
2.027616700452995399e-02
2.029843910277765243e-02
2.032071120102535780e-02
2.034298329927305971e-02
2.036525539752076161e-02
2.038752749576846351e-02
2.040979959401616195e-02
2.043207169226386732e-02
2.045434379051155188e-02
2.047661588875923297e-02
2.049888798700691753e-02
2.052116008525459862e-02
2.054343218350228317e-02
2.056570428174996426e-02
2.058797637999764882e-02
2.061024847824532991e-02
2.063252057649301793e-02
2.065479267474069902e-02
2.067706477298838358e-02
2.069933687123606467e-02
2.072160896948374922e-02
2.074388106773143031e-02
2.076615316597911487e-02
2.078842526422679596e-02
2.081069736247448052e-02
