2.301254616129955188e-02
2.305330561445851842e-02
2.309406506761748842e-02
2.313482452077645496e-02
2.317558397393542149e-02
2.321634342709438803e-02
2.325710288025335803e-02
2.331934252509805169e-02
2.338158216994286678e-02
2.344382181478767840e-02
2.350606145963249002e-02
2.356830110447730164e-02
2.363054074932211673e-02
2.369278039416692835e-02
2.375502003901174344e-02
2.381725968385655506e-02
2.387949932870137015e-02
2.394173897354617830e-02
2.400397861839099339e-02
2.412093021594313019e-02
2.423788181349616558e-02
2.435483341104919749e-02
2.447178500860223288e-02
2.458873660615526480e-02
2.470568820370830018e-02
2.482263980126133210e-02
2.493959139881436748e-02
2.505654299636739940e-02
2.517349459392043479e-02
2.529044619147346323e-02
2.540739778902649515e-02
2.549553335751271813e-02
2.558366892599814660e-02
2.567180449448357854e-02
2.575994006296901048e-02
2.584807563145443896e-02
2.593621119993987090e-02
2.602434676842530631e-02
2.611248233691073478e-02
2.620061790539616672e-02
2.628875347388159520e-02
2.637688904236702714e-02
2.646502461085246255e-02
2.655473786566248801e-02
2.664445112047257591e-02
2.673416437528266035e-02
2.682387763009274825e-02
2.691359088490283616e-02
2.700330413971292406e-02
2.709301739452301197e-02
2.718273064933309988e-02
2.727244390414318778e-02
2.736215715895327222e-02
2.745187041376336012e-02
2.754158366857344803e-02
2.753434016255074807e-02
2.752709665652328802e-02
2.751985315049582798e-02
2.751260964446836793e-02
2.750536613844090789e-02
2.749812263241344784e-02
2.749087912638598433e-02
2.748363562035852081e-02
2.747639211433106077e-02
2.746914860830360072e-02
2.746190510227614068e-02
2.745466159624867716e-02
2.629569709447845266e-02
2.513673259263909249e-02
2.397776809079973231e-02
2.281880358896037214e-02
2.165983908712101197e-02
2.050087458528165180e-02
1.934191008344229162e-02
1.818294558160293145e-02
1.702398107976356781e-02
1.586501657792420764e-02
1.470605207608484746e-02
1.354708757424548729e-02
1.196006163985098049e-02
1.037303570542610735e-02
8.786009771001232482e-03
7.198983836576358479e-03
5.611957902151485343e-03
4.024931967726611340e-03
2.437906033301736036e-03
8.508800988768617070e-04
-7.361458355480103447e-04
-2.323171769972884673e-03
-3.910197704397758676e-03
-5.497223638822632680e-03
-5.828590624317762231e-03
-6.159957609710110284e-03
-6.491324595102457469e-03
-6.822691580494806389e-03
-7.154058565887153574e-03
-7.485425551279500760e-03
-7.816792536671848812e-03
-8.148159522064195998e-03
-8.479526507456544918e-03
-8.810893492848892103e-03
-9.142260478241241023e-03
-9.473627463633588208e-03
-9.191225946387255805e-03
-8.908824429083984572e-03
-8.626422911780715075e-03
-8.344021394477445577e-03
-8.061619877174174345e-03
-7.779218359870904848e-03
-7.496816842567634483e-03
-7.214415325264364118e-03
-6.932013807961093753e-03
-6.649612290657824255e-03
-6.367210773354553023e-03
-6.084809256051283526e-03
-5.633006267193840268e-03
-5.181203278318832935e-03
-4.729400289443825602e-03
-4.277597300568819136e-03
-3.825794311693811803e-03
-3.373991322818804036e-03
-2.922188333943796703e-03
-2.470385345068789804e-03
-2.018582356193782037e-03
-1.566779367318774921e-03
-1.114976378443767804e-03
-6.631733895687605797e-04
-2.301136739645070573e-04
2.029460416375985252e-04
6.360057572397041347e-04
1.069065472841809663e-03
1.502125188443915191e-03
1.935184904046020719e-03
2.368244619648126031e-03
2.801304335250231776e-03
3.234364050852337087e-03
3.667423766454443266e-03
4.100483482056548577e-03
4.533543197658653455e-03
4.510874822644877352e-03
4.488206447573901345e-03
4.465538072502926205e-03
4.442869697431951065e-03
4.420201322360975925e-03
4.397532947290000785e-03
4.374864572219024778e-03
4.352196197148049638e-03
4.329527822077074498e-03
4.306859447006098490e-03
4.284191071935123350e-03
4.261522696864148210e-03
4.360993259867459657e-03
4.460463822887433989e-03
4.559934385907408322e-03
4.659404948927382654e-03
4.758875511947356987e-03
4.858346074967332187e-03
4.957816637987305652e-03
5.057287201007280852e-03
5.156757764027255185e-03
5.256228327047228650e-03
5.355698890067203850e-03
5.455169453087178183e-03
5.642652435941992312e-03
5.830135418809773498e-03
6.017618401677555552e-03
6.205101384545336739e-03
6.392584367413118793e-03
6.580067350280899979e-03
6.767550333148681166e-03
6.955033316016463220e-03
7.142516298884245274e-03
7.329999281752026460e-03
7.517482264619807647e-03
7.704965247487588834e-03
7.953239886483229673e-03
8.201514525488489554e-03
8.449789164493751170e-03
8.698063803499011051e-03
8.946338442504272667e-03
9.194613081509532548e-03
9.442887720514792430e-03
9.691162359520054045e-03
9.939436998525313927e-03
1.018771163753057554e-02
1.043598627653583542e-02
1.068426091554109704e-02
1.090988248693613646e-02
1.113550405832734735e-02
1.136112562971855304e-02
1.158674720110976393e-02
1.181236877250097309e-02
1.203799034389218224e-02
1.226361191528338966e-02
1.248923348667459882e-02
1.271485505806580797e-02
1.294047662945701539e-02
1.316609820084822455e-02
1.339171977223943370e-02
1.358815914720807455e-02
1.378459852217146092e-02
1.398103789713484556e-02
1.417747727209823019e-02
1.437391664706161656e-02
1.457035602202500120e-02
1.476679539698838757e-02
1.496323477195177394e-02
1.515967414691515858e-02
1.535611352187854495e-02
1.555255289684192958e-02
1.574899227180531422e-02
1.591066862877305726e-02
1.607234498573416326e-02
1.623402134269526578e-02
1.639569769965637178e-02
1.655737405661747430e-02
1.671905041357858376e-02
1.688072677053968629e-02
1.704240312750079228e-02
1.720407948446189481e-02
1.736575584142300080e-02
1.752743219838410332e-02
1.768910855534520932e-02
1.782351348650832931e-02
1.795791841766594676e-02
1.809232334882356422e-02
1.822672827998117820e-02
1.836113321113879565e-02
1.849553814229641310e-02
1.862994307345403056e-02
1.876434800461164454e-02
1.889875293576926199e-02
1.903315786692687944e-02
1.916756279808449343e-02
1.930196772924211088e-02
1.939031668539127617e-02
1.947866564153064028e-02
1.956701459767000439e-02
1.965536355380936850e-02
1.974371250994872914e-02
1.983206146608809325e-02
1.992041042222745389e-02
2.000875937836682147e-02
2.009710833450618211e-02
2.018545729064554622e-02
2.027380624678491033e-02
2.036215520292427444e-02
2.049975395697793690e-02
2.063735271104261484e-02
2.077495146510729626e-02
2.091255021917197768e-02
2.105014897323665909e-02
2.118774772730133704e-02
2.132534648136602193e-02
2.146294523543069988e-02
2.160054398949538129e-02
2.173814274356006271e-02
2.187574149762474413e-02
2.201334025168942207e-02
2.211784223996280524e-02
2.222234422822842725e-02
2.232684621649404233e-02
2.243134820475966087e-02
2.253585019302527942e-02
2.264035218129089796e-02
2.274485416955651304e-02
2.284935615782213505e-02
2.295385814608775013e-02
2.305836013435337215e-02
2.316286212261898722e-02
2.326736411088460924e-02
2.329612428808485944e-02
2.332488446526650994e-02
2.335364464244816043e-02
2.338240481962981093e-02
2.341116499681146143e-02
2.343992517399311193e-02
2.346868535117476243e-02
2.349744552835641292e-02
2.352620570553806689e-02
2.355496588271971739e-02
2.358372605990136789e-02
2.361248623708302186e-02
2.366584873841228245e-02
2.371921123974785398e-02
2.377257374108342550e-02
2.382593624241899355e-02
2.387929874375456507e-02
2.393266124509013659e-02
2.398602374642570811e-02
2.403938624776127617e-02
2.409274874909684769e-02
2.414611125043241921e-02
2.419947375176799073e-02
2.425283625310355878e-02
2.430171783842354633e-02
2.435059942374234385e-02
2.439948100906113443e-02
2.444836259437992501e-02
2.449724417969871559e-02
2.454612576501750965e-02
2.459500735033630023e-02
2.464388893565509428e-02
2.469277052097388486e-02
2.474165210629267891e-02
2.479053369161146950e-02
2.483941527693026008e-02
2.472449988846144378e-02
2.460958449994703548e-02
2.449466911143263065e-02
2.437975372291822582e-02
2.426483833440382099e-02
2.414992294588941268e-02
2.403500755737500785e-02
2.392009216886060302e-02
2.380517678034619472e-02
2.369026139183178989e-02
2.357534600331738506e-02
2.346043061480297676e-02
2.339605741160395366e-02
2.333168420841954735e-02
2.326731100523514104e-02
2.320293780205073819e-02
2.313856459886633188e-02
2.307419139568192903e-02
2.300981819249751925e-02
2.294544498931311641e-02
2.288107178612871356e-02
2.281669858294430378e-02
2.275232537975990094e-02
2.268795217657549462e-02
2.268875478555694783e-02
2.268955739455796525e-02
2.269036000355898267e-02
2.269116261255999661e-02
2.269196522156101403e-02
2.269276783056202451e-02
2.269357043956304193e-02
2.269437304856405935e-02
2.269517565756507677e-02
2.269597826656609071e-02
2.269678087556710813e-02
2.269758348456811861e-02
2.273896440172833849e-02
2.278034531890117675e-02
2.282172623607402195e-02
2.286310715324686021e-02
2.290448807041969848e-02
2.294586898759253674e-02
2.298724990476537500e-02
2.302863082193821326e-02
2.307001173911105152e-02
2.311139265628389672e-02
2.315277357345673498e-02
2.319415449062957324e-02
2.325637123587572658e-02
2.331858798112858983e-02
2.338080472638145307e-02
2.344302147163431632e-02
2.350523821688718304e-02
2.356745496214004629e-02
2.362967170739290607e-02
2.369188845264576931e-02
2.375410519789863256e-02
2.381632194315149928e-02
2.387853868840436253e-02
2.394075543365722578e-02
2.403252653336480221e-02
2.412429763308221800e-02
2.421606873279963032e-02
2.430783983251704958e-02
2.439961093223446537e-02
2.449138203195188115e-02
2.458315313166929347e-02
2.467492423138671273e-02
2.476669533110412852e-02
2.485846643082154431e-02
2.495023753053895663e-02
2.504200863025637588e-02
2.510898587275850122e-02
2.517596311525210559e-02
2.524294035774571343e-02
2.530991760023931780e-02
2.537689484273292218e-02
2.544387208522652655e-02
2.551084932772013092e-02
2.557782657021373182e-02
2.564480381270733619e-02
2.571178105520094057e-02
2.577875829769454494e-02
2.584573554018814931e-02
2.447514068652436800e-02
2.310454583235067166e-02
2.173395097817697186e-02
2.036335612400328246e-02
1.899276126982958612e-02
1.762216641565588979e-02
1.625157156148219692e-02
1.488097670730849885e-02
1.351038185313480425e-02
1.213978699896110791e-02
1.076919214478741331e-02
9.398597290613716973e-03
5.381094840252190203e-03
1.363592388922909345e-03
-2.653910062406371513e-03
-6.671412513735652805e-03
-1.068891496506493670e-02
-1.470641741639421539e-02
-1.872391986772349928e-02
-2.274142231905277797e-02
-2.675892477038206013e-02
-3.077642722171134229e-02
-3.479392967304061751e-02
-3.881143212436990314e-02
-3.967334835052160197e-02
-4.053526457548511930e-02
-4.139718080044864357e-02
-4.225909702541216784e-02
-4.312101325037569211e-02
-4.398292947533921637e-02
-4.484484570030274064e-02
-4.570676192526625797e-02
-4.656867815022978224e-02
-4.743059437519330651e-02
-4.829251060015683078e-02
-4.915442682512034811e-02
-4.906668767859249242e-02
-4.897894853169669493e-02
-4.889120938480090439e-02
-4.880347023790510691e-02
-4.871573109100931637e-02
-4.862799194411351889e-02
-4.854025279721772834e-02
-4.845251365032193086e-02
-4.836477450342614032e-02
-4.827703535653034977e-02
-4.818929620963455923e-02
-4.810155706273876175e-02
-4.812612031830450915e-02
-4.815068357391499854e-02
-4.817524682952548792e-02
-4.819981008513598425e-02
-4.822437334074647364e-02
-4.824893659635696302e-02
-4.827349985196744547e-02
-4.829806310757793486e-02
-4.832262636318842425e-02
-4.834718961879891364e-02
-4.837175287440940996e-02
-4.839631613001989241e-02
-4.799329735470889147e-02
-4.759027857922290550e-02
-4.718725980373690565e-02
-4.678424102825091274e-02
-4.638122225276491983e-02
-4.597820347727892693e-02
-4.557518470179292708e-02
-4.517216592630693417e-02
-4.476914715082094126e-02
-4.436612837533494835e-02
-4.396310959984894851e-02
-4.356009082436296254e-02
-4.348284012077151262e-02
-4.340558941731694625e-02
-4.332833871386238683e-02
-4.325108801040782741e-02
-4.317383730695326799e-02
-4.309658660349870857e-02
-4.301933590004414915e-02
-4.294208519658958972e-02
-4.286483449313503030e-02
-4.278758378968046394e-02
-4.271033308622590452e-02
-4.263308238277134510e-02
-4.290561388797517473e-02
-4.317814539332979346e-02
-4.345067689868442606e-02
-4.372320840403904479e-02
-4.399573990939366352e-02
-4.426827141474828919e-02
-4.454080292010291486e-02
-4.481333442545753359e-02
-4.508586593081215926e-02
-4.535839743616677799e-02
-4.563092894152140366e-02
-4.590346044687602239e-02
-4.584512149220378030e-02
-4.578678253738528020e-02
-4.572844358256678704e-02
-4.567010462774828694e-02
-4.561176567292979378e-02
-4.555342671811129368e-02
-4.549508776329279358e-02
-4.543674880847430042e-02
-4.537840985365580032e-02
-4.532007089883730716e-02
-4.526173194401880706e-02
-4.520339298920030696e-02
-4.491109919108707965e-02
-4.461880539286787462e-02
-4.432651159464868346e-02
-4.403421779642948536e-02
-4.374192399821028032e-02
-4.344963019999108916e-02
-4.315733640177189107e-02
-4.286504260355269297e-02
-4.257274880533349487e-02
-4.228045500711430371e-02
-4.198816120889509867e-02
-4.169586741067590752e-02
-4.103742437691870054e-02
-4.037898134299165026e-02
-3.972053830906459998e-02
-3.906209527513755664e-02
-3.840365224121051330e-02
-3.774520920728346995e-02
-3.708676617335641967e-02
-3.642832313942937633e-02
-3.576988010550233299e-02
-3.511143707157528965e-02
-3.445299403764823937e-02
-3.379455100372119603e-02
-3.307909550535702292e-02
-3.236364000696578119e-02
-3.164818450857454640e-02
-3.093272901018330467e-02
-3.021727351179206295e-02
-2.950181801340082469e-02
-2.878636251500958643e-02
-2.807090701661834817e-02
-2.735545151822710644e-02
-2.663999601983586818e-02
-2.592454052144462992e-02
-2.520908502305339166e-02
-2.457719021418519612e-02
-2.394529540535758963e-02
-2.331340059652997967e-02
-2.268150578770237666e-02
-2.204961097887476670e-02
-2.141771617004716022e-02
-2.078582136121955026e-02
-2.015392655239194378e-02
-1.952203174356433382e-02
-1.889013693473673081e-02
-1.825824212590912085e-02
-1.762634731708151437e-02
-1.767403317576377378e-02
-1.772171903478350630e-02
-1.776940489380323535e-02
-1.781709075282296093e-02
-1.786477661184269344e-02
-1.791246247086242249e-02
-1.796014832988215154e-02
-1.800783418890188406e-02
-1.805552004792160964e-02
-1.810320590694133869e-02
-1.815089176596107121e-02
-1.819857762498080025e-02
-1.824482379490590528e-02
-1.829106996483028172e-02
-1.833731613475465469e-02
-1.838356230467903113e-02
-1.842980847460340410e-02
-1.847605464452778054e-02
-1.852230081445215351e-02
-1.856854698437652995e-02
-1.861479315430090292e-02
-1.866103932422527936e-02
-1.870728549414965233e-02
-1.875353166407402530e-02
-1.865068370161049663e-02
-1.854783573906967215e-02
-1.844498777652885113e-02
-1.834213981398803012e-02
-1.823929185144720563e-02
-1.813644388890638462e-02
-1.803359592636556014e-02
-1.793074796382473912e-02
-1.782790000128391811e-02
-1.772505203874309362e-02
-1.762220407620227261e-02
-1.751935611366144813e-02
-1.724480365500706894e-02
-1.697025119626180412e-02
-1.669569873751653583e-02
-1.642114627877127100e-02
-1.614659382002600271e-02
-1.587204136128073442e-02
-1.559748890253546960e-02
-1.532293644379020305e-02
-1.504838398504493649e-02
-1.477383152629966993e-02
-1.449927906755440338e-02
-1.422472660880913682e-02
-1.391918824731288098e-02
-1.361364988579988507e-02
-1.330811152428689088e-02
-1.300257316277389670e-02
-1.269703480126090078e-02
-1.239149643974790486e-02
-1.208595807823491068e-02
-1.178041971672191476e-02
-1.147488135520892058e-02
-1.116934299369592466e-02
-1.086380463218293048e-02
-1.055826627066993456e-02
-1.029920249287274298e-02
-1.004013871510116979e-02
-9.781074937329593127e-03
-9.522011159558016469e-03
-9.262947381786441545e-03
-9.003883604014864886e-03
-8.744819826243288227e-03
-8.485756048471713303e-03
-8.226692270700136644e-03
-7.967628492928561720e-03
-7.708564715156985062e-03
-7.449500937385410138e-03
-7.830465735136835081e-03
-8.211430533248001776e-03
-8.592395331359166735e-03
-8.973360129470331695e-03
-9.354324927581498389e-03
-9.735289725692663348e-03
-1.011625452380382831e-02
-1.049721932191499500e-02
-1.087818412002615823e-02
-1.125914891813732666e-02
-1.164011371624849162e-02
-1.202107851435965657e-02
-1.392423202804361944e-02
-1.582738554259976657e-02
-1.773053905715591544e-02
-1.963369257171206778e-02
-2.153684608626821317e-02
-2.343999960082436551e-02
-2.534315311538051438e-02
-2.724630662993665978e-02
-2.914946014449281211e-02
-3.105261365904896098e-02
-3.295576717360510638e-02
-3.485892068816125872e-02
-3.512961261575659605e-02
-3.540030454239874447e-02
-3.567099646904089982e-02
-3.594168839568305518e-02
-3.621238032232520360e-02
-3.648307224896735201e-02
-3.675376417560950043e-02
-3.702445610225165579e-02
-3.729514802889381114e-02
-3.756583995553595956e-02
-3.783653188217810798e-02
-3.810722380882026333e-02
-3.780202674275243147e-02
-3.749682967634206110e-02
-3.719163260993168379e-02
-3.688643554352130649e-02
-3.658123847711092919e-02
-3.627604141070055188e-02
-3.597084434429018152e-02
-3.566564727787980421e-02
-3.536045021146942691e-02
-3.505525314505904960e-02
-3.475005607864867924e-02
-3.444485901223830193e-02
-3.396388105587217626e-02
-3.348290309939956633e-02
-3.300192514292696333e-02
-3.252094718645436033e-02
-3.203996922998175734e-02
-3.155899127350914740e-02
-3.107801331703654787e-02
-3.059703536056394488e-02
-3.011605740409133841e-02
-2.963507944761873195e-02
-2.915410149114612895e-02
-2.867312353467352595e-02
-2.839033604285638723e-02
-2.810754855116145978e-02
-2.782476105946652886e-02
-2.754197356777160488e-02
-2.725918607607667396e-02
-2.697639858438174651e-02
-2.669361109268681906e-02
-2.641082360099189161e-02
-2.612803610929696416e-02
-2.584524861760203671e-02
-2.556246112590710579e-02
-2.527967363421217833e-02
-2.505726941572290409e-02
-2.483486519727151967e-02
-2.461246097882013179e-02
-2.439005676036875084e-02
-2.416765254191736642e-02
-2.394524832346598547e-02
-2.372284410501460106e-02
-2.350043988656322011e-02
-2.327803566811183222e-02
-2.305563144966045128e-02
-2.283322723120906686e-02
-2.261082301275768591e-02
-2.227548001575197986e-02
-2.194013701867416830e-02
-2.160479402159635326e-02
-2.126945102451854516e-02
-2.093410802744073360e-02
-2.059876503036292550e-02
-2.026342203328511046e-02
-1.992807903620730237e-02
-1.959273603912948733e-02
-1.925739304205167576e-02
-1.892205004497386420e-02
-1.858670704789605263e-02
-1.830480745961319752e-02
-1.802290787136504382e-02
-1.774100828311689360e-02
-1.745910869486874337e-02
-1.717720910662058967e-02
-1.689530951837243597e-02
-1.661340993012428574e-02
-1.633151034187613551e-02
-1.604961075362798181e-02
-1.576771116537983158e-02
-1.548581157713167789e-02
-1.520391198888352766e-02
-1.496345607535839138e-02
-1.472300016186061863e-02
-1.448254424836284589e-02
-1.424208833486507488e-02
-1.400163242136730213e-02
-1.376117650786953112e-02
-1.352072059437175837e-02
-1.328026468087398736e-02
-1.303980876737621461e-02
-1.279935285387844360e-02
-1.255889694038067259e-02
-1.231844102688289984e-02
-1.266476163905781542e-02
-1.301108225162657915e-02
-1.335740286419534288e-02
-1.370372347676410835e-02
-1.405004408933287208e-02
-1.439636470190163581e-02
-1.474268531447040127e-02
-1.508900592703916500e-02
-1.543532653960792873e-02
-1.578164715217669420e-02
-1.612796776474545793e-02
-1.647428837731422513e-02
-1.690622886843490963e-02
-1.733816935961399880e-02
-1.777010985079309144e-02
-1.820205034197217714e-02
-1.863399083315126631e-02
-1.906593132433035895e-02
-1.949787181550944812e-02
-1.992981230668853729e-02
-2.036175279786762646e-02
-2.079369328904671910e-02
-2.122563378022580480e-02
-2.165757427140489744e-02
-2.157036788067593844e-02
-2.148316148958719432e-02
-2.139595509849844326e-02
-2.130874870740969915e-02
-2.122154231632095156e-02
-2.113433592523220744e-02
-2.104712953414345986e-02
-2.095992314305471574e-02
-2.087271675196596815e-02
-2.078551036087722403e-02
-2.069830396978847645e-02
-2.061109757869973233e-02
-2.030999735466263237e-02
-2.000889713047495841e-02
-1.970779690628728445e-02
-1.940669668209961396e-02
-1.910559645791194000e-02
-1.880449623372426951e-02
-1.850339600953659555e-02
-1.820229578534892159e-02
-1.790119556116125110e-02
-1.760009533697358061e-02
-1.729899511278590665e-02
-1.699789488859823269e-02
-1.665602986886690132e-02
-1.631416484910641965e-02
-1.597229982934594492e-02
-1.563043480958546672e-02
-1.528856978982499025e-02
-1.494670477006451378e-02
-1.460483975030403732e-02
-1.426297473054355912e-02
-1.392110971078308265e-02
-1.357924469102260619e-02
-1.323737967126212972e-02
-1.289551465150165326e-02
-1.255503184379404280e-02
-1.221454903608743849e-02
-1.187406622838083244e-02
-1.153358342067422639e-02
-1.119310061296762207e-02
-1.085261780526101602e-02
-1.051213499755441171e-02
-1.017165218984780566e-02
-9.831169382141199606e-03
-9.490686574434595291e-03
-9.150203766727989241e-03
-8.809720959021383191e-03
-8.492716382455777965e-03
-8.175711805907467933e-03
-7.858707229359159635e-03
-7.541702652810849603e-03
-7.224698076262539570e-03
-6.907693499714229537e-03
-6.590688923165919505e-03
-6.273684346617609472e-03
-5.956679770069301175e-03
-5.639675193520990275e-03
-5.322670616972681110e-03
-5.005666040424371077e-03
-4.804349442077775721e-03
-4.603032843817668474e-03
-4.401716245557561226e-03
-4.200399647297453978e-03
-3.999083049037346731e-03
-3.797766450777239049e-03
-3.596449852517132235e-03
-3.395133254257024988e-03
-3.193816655996917740e-03
-2.992500057736810493e-03
-2.791183459476703245e-03
-2.589866861216595997e-03
-2.678804078079200131e-03
-2.767741295161967995e-03
-2.856678512244734992e-03
-2.945615729327502857e-03
-3.034552946410269854e-03
-3.123490163493037718e-03
-3.212427380575804715e-03
-3.301364597658571712e-03
-3.390301814741339577e-03
-3.479239031824107008e-03
-3.568176248906874438e-03
-3.657113465989641436e-03
-3.724341317819019302e-03
-3.791569169631693517e-03
-3.858797021444367297e-03
-3.926024873257041511e-03
-3.993252725069715292e-03
-4.060480576882389073e-03
-4.127708428695062853e-03
-4.194936280507737501e-03
-4.262164132320411282e-03
-4.329391984133085063e-03
-4.396619835945758843e-03
-4.463847687758432624e-03
-4.390800998461978286e-03
-4.317754309056061161e-03
-4.244707619650144037e-03
-4.171660930244226913e-03
-4.098614240838309788e-03
-4.025567551432391797e-03
-3.952520862026475540e-03
-3.879474172620557982e-03
-3.806427483214640424e-03
-3.733380793808723300e-03
-3.660334104402806175e-03
-3.587287414996888617e-03
-3.473690420292124218e-03
-3.360093425555273940e-03
-3.246496430818423661e-03
-3.132899436081573816e-03
-3.019302441344723538e-03
-2.905705446607872826e-03
-2.792108451871022547e-03
-2.678511457134172269e-03
-2.564914462397321990e-03
-2.451317467660471712e-03
-2.337720472923621434e-03
-2.224123478186771155e-03
-2.200211924503672062e-03
-2.176300370892516722e-03
-2.152388817281361381e-03
-2.128477263670206041e-03
-2.104565710059050701e-03
-2.080654156447894927e-03
-2.056742602836739587e-03
-2.032831049225583813e-03
-2.008919495614428473e-03
-1.985007942003273133e-03
-1.961096388392117359e-03
-1.937184834780962019e-03
-1.900059247859806847e-03
-1.862933660927907232e-03
-1.825808073996007400e-03
-1.788682487064108002e-03
-1.751556900132208387e-03
-1.714431313200308771e-03
-1.677305726268409373e-03
-1.640180139336509541e-03
-1.603054552404610143e-03
-1.565928965472710528e-03
-1.528803378540810696e-03
-1.491677791608911081e-03
-1.369797900606511314e-03
-1.247918009534273965e-03
-1.126038118462036400e-03
-1.004158227389798834e-03
-8.822783363175613772e-04
-7.603984452453238117e-04
-6.385185541730863546e-04
-5.166386631008487891e-04
-3.947587720286112778e-04
-2.728788809563737665e-04
-1.509989898841362281e-04
-2.911909881189872360e-05
1.253894963123858308e-04
2.798980914639126114e-04
4.344066866154393377e-04
5.889152817669660641e-04
7.434238769184927905e-04
8.979324720700196253e-04
1.052441067221546352e-03
1.206949662373073186e-03
1.361458257524599804e-03
1.515966852676126639e-03
1.670475447827653257e-03
1.824984042979180309e-03
1.821951992790947147e-03
1.818919942469461636e-03
1.815887892147976124e-03
1.812855841826490613e-03
1.809823791505005101e-03
1.806791741183519590e-03
1.803759690862033862e-03
1.800727640540548350e-03
1.797695590219062839e-03
1.794663539897577327e-03
1.791631489576091816e-03
1.788599439254606304e-03
1.644676743538429691e-03
1.500754047701545598e-03
1.356831351864661505e-03
1.212908656027777412e-03
1.068985960190893319e-03
9.250632643540093345e-04
7.811405685171252415e-04
6.372178726802411484e-04
4.932951768433569469e-04
3.493724810064729081e-04
2.054497851695888421e-04
6.152708933270478969e-05
9.750571157692906237e-05
1.334843339772460980e-04
1.694629563775631336e-04
2.054415787778801150e-04
2.414202011781971507e-04
2.773988235785141863e-04
3.133774459788311677e-04
3.493560683791482034e-04
3.853346907794652390e-04
4.213133131797822746e-04
4.572919355800992560e-04
4.932705579804162917e-04
5.031592775043623560e-04
5.130479970053864348e-04
5.229367165064106220e-04
5.328254360074348092e-04
5.427141555084588880e-04
5.526028750094830752e-04
5.624915945105072625e-04
5.723803140115313413e-04
5.822690335125555285e-04
5.921577530135797157e-04
6.020464725146037945e-04
6.119351920156279817e-04
5.018127867225539909e-04
3.916903813227318393e-04
2.815679759229096878e-04
1.714455705230875633e-04
6.132316512326539822e-05
-4.879924027655673977e-05
-1.589216456763789455e-04
-2.690440510762010158e-04
-3.791664564760232757e-04
-4.892888618758453731e-04
-5.994112672756675246e-04
-7.095336726754895677e-04
-7.827244208976759203e-04
-8.559151690866090333e-04
-9.291059172755420379e-04
-1.002296665464475151e-03
-1.075487413653408155e-03
-1.148678161842341377e-03
-1.221868910031274381e-03
-1.295059658220207386e-03
-1.368250406409140391e-03
-1.441441154598073395e-03
-1.514631902787006617e-03
-1.587822650975939404e-03
-1.545325307048549300e-03
-1.502827963015730510e-03
-1.460330618982911719e-03
-1.417833274950093363e-03
-1.375335930917274572e-03
-1.332838586884456215e-03
-1.290341242851637425e-03
-1.247843898818818851e-03
-1.205346554786000061e-03
-1.162849210753181487e-03
-1.120351866720362913e-03
-1.077854522687544340e-03
-1.014989013162987189e-03
-9.521235036196460180e-04
-8.892579940763048474e-04
-8.263924845329636767e-04
-7.635269749896223977e-04
-7.006614654462812270e-04
-6.377959559029400564e-04
-5.749304463595987773e-04
-5.120649368162576067e-04
-4.491994272729163819e-04
-3.863339177295752112e-04
-3.234684081862339864e-04
-1.451221499632650833e-04
3.322410836746363583e-05
2.115703666981923821e-04
3.899166250289211690e-04
5.682628833596499018e-04
7.466091416903786887e-04
9.249554000211074756e-04
1.103301658351836263e-03
1.281647916682564833e-03
1.459994175013293620e-03
1.638340433344022190e-03
1.816686691674750977e-03
1.991486861297393426e-03
2.166287030916688727e-03
2.341087200535983161e-03
2.515887370155278462e-03
2.690687539774573329e-03
2.865487709393867762e-03
3.040287879013162629e-03
3.215088048632457063e-03
3.389888218251752364e-03
3.564688387871047665e-03
3.739488557490341664e-03
3.914288727109636531e-03
3.988569764115649195e-03
4.062850801025669201e-03
4.137131837935689206e-03
4.211412874845709212e-03
4.285693911755730084e-03
4.359974948665750090e-03
4.434255985575770095e-03
4.508537022485790101e-03
4.582818059395810106e-03
4.657099096305830112e-03
4.731380133215849250e-03
4.805661170125870123e-03
4.921639514523150002e-03
5.037617858960704957e-03
5.153596203398260779e-03
5.269574547835814866e-03
5.385552892273369821e-03
5.501531236710925643e-03
5.617509581148480598e-03
5.733487925586034685e-03
5.849466270023589640e-03
5.965444614461145462e-03
6.081422958898700416e-03
6.197401303336255371e-03
6.298551532468353586e-03
6.399701761585968596e-03
6.500851990703582738e-03
6.602002219821196012e-03
6.703152448938811889e-03
6.804302678056425163e-03
6.905452907174039305e-03
7.006603136291654314e-03
7.107753365409268456e-03
7.208903594526882598e-03
7.310053823644497607e-03
7.411204052762111749e-03
7.525347433635290809e-03
7.639490814521305087e-03
7.753634195407319366e-03
7.867777576293331909e-03
7.981920957179346188e-03
8.096064338065360466e-03
8.210207718951373010e-03
8.324351099837387288e-03
8.438494480723399832e-03
8.552637861609414111e-03
8.666781242495428389e-03
8.780924623381442667e-03
8.782854304053375888e-03
8.784783984613247707e-03
8.786713665173122995e-03
8.788643345732994813e-03
8.790573026292868367e-03
8.792502706852743655e-03
8.794432387412615473e-03
8.796362067972490761e-03
8.798291748532362580e-03
8.800221429092237868e-03
8.802151109652109687e-03
8.804080790211983240e-03
8.763658371438391020e-03
8.723235952622041336e-03
8.682813533805691653e-03
8.642391114989341969e-03
8.601968696172992285e-03
8.561546277356642601e-03
8.521123858540294652e-03
8.480701439723944968e-03
8.440279020907595284e-03
8.399856602091245600e-03
8.359434183274895916e-03
8.319011764458546232e-03
8.354475319313660678e-03
8.389938874246213180e-03
8.425402429178765681e-03
8.460865984111318183e-03
8.496329539043872420e-03
8.531793093976423187e-03
8.567256648908975689e-03
8.602720203841528190e-03
8.638183758774082427e-03
8.673647313706633194e-03
8.709110868639185696e-03
8.744574423571738198e-03
8.817127171765096194e-03
8.889679919996706578e-03
8.962232668228315227e-03
9.034785416459925611e-03
9.107338164691535995e-03
9.179890912923146379e-03
9.252443661154755028e-03
9.324996409386365412e-03
9.397549157617974061e-03
9.470101905849586180e-03
9.542654654081194829e-03
9.615207402312805213e-03
9.681190451945858449e-03
9.747173501572062998e-03
9.813156551198269281e-03
9.879139600824475564e-03
9.945122650450680113e-03
1.001110570007688466e-02
1.007708874970309268e-02
1.014307179932929723e-02
1.020905484895550351e-02
1.027503789858170806e-02
1.034102094820791434e-02
1.040700399783411889e-02
1.055409302682112395e-02
1.070118205589354853e-02
1.084827108496597310e-02
1.099536011403839594e-02
1.114244914311082225e-02
1.128953817218324683e-02
1.143662720125567141e-02
1.158371623032809425e-02
1.173080525940052056e-02
1.187789428847294514e-02
1.202498331754536971e-02
1.217207234661779255e-02
1.237357536509116340e-02
1.257507838362243238e-02
1.277658140215370310e-02
1.297808442068497554e-02
1.317958743921624452e-02
1.338109045774751524e-02
1.358259347627878422e-02
1.378409649481005667e-02
1.398559951334132738e-02
1.418710253187259983e-02
1.438860555040386881e-02
1.459010856893513952e-02
1.468903473417894345e-02
1.478796089931247448e-02
1.488688706444600725e-02
1.498581322957953654e-02
1.508473939471306757e-02
1.518366555984659860e-02
1.528259172498012963e-02
1.538151789011366240e-02
1.548044405524719343e-02
1.557937022038072446e-02
1.567829638551425722e-02
1.577722255064778825e-02
1.585458106048086291e-02
1.593193957029051880e-02
1.600929808010017122e-02
1.608665658990982364e-02
1.616401509971947953e-02
1.624137360952913542e-02
1.631873211933878784e-02
1.639609062914844373e-02
1.647344913895809615e-02
1.655080764876775204e-02
1.662816615857740446e-02
1.670552466838706035e-02
1.672848938757198062e-02
1.675145410669724028e-02
1.677441882582249646e-02
1.679738354494775612e-02
1.682034826407301578e-02
1.684331298319827197e-02
1.686627770232353163e-02
1.688924242144878782e-02
1.691220714057404748e-02
1.693517185969930713e-02
1.695813657882456332e-02
1.698110129794982298e-02
1.695955194660757684e-02
1.693800259521601945e-02
1.691645324382446552e-02
1.689490389243290813e-02
1.687335454104135074e-02
1.685180518964979335e-02
1.683025583825823596e-02
1.680870648686667856e-02
1.678715713547512117e-02
1.676560778408356378e-02
1.674405843269200639e-02
1.672250908130044900e-02
1.670117719771531395e-02
1.667984531413041829e-02
1.665851343054552611e-02
1.663718154696063045e-02
1.661584966337573827e-02
1.659451777979084261e-02
1.657318589620595042e-02
1.655185401262105477e-02
1.653052212903616258e-02
1.650919024545126693e-02
1.648785836186637474e-02
1.646652647828147908e-02
1.640788875666298122e-02
1.634925103500234692e-02
1.629061331334170915e-02
1.623197559168107484e-02
1.617333787002043707e-02
1.611470014835979930e-02
1.605606242669916153e-02
1.599742470503852723e-02
1.593878698337788946e-02
1.588014926171725516e-02
1.582151154005661739e-02
1.576287381839597962e-02
1.580873091781068857e-02
1.585458801734457301e-02
1.590044511687845746e-02
1.594630221641234191e-02
1.599215931594622636e-02
1.603801641548011081e-02
1.608387351501399526e-02
1.612973061454787971e-02
1.617558771408176416e-02
1.622144481361564861e-02
1.626730191314953305e-02
1.631315901268341750e-02
1.643177172045359388e-02
1.655038442830754006e-02
1.666899713616148970e-02
1.678760984401543588e-02
1.690622255186938552e-02
1.702483525972333170e-02
1.714344796757728134e-02
1.726206067543122752e-02
1.738067338328517716e-02
1.749928609113912334e-02
1.761789879899307298e-02
1.773651150684701916e-02
1.792719046994713933e-02
1.811786943313102582e-02
1.830854839631490885e-02
1.849922735949879535e-02
1.868990632268267837e-02
1.888058528586656140e-02
1.907126424905044790e-02
1.926194321223433092e-02
1.945262217541821742e-02
1.964330113860210045e-02
1.983398010178598347e-02
2.002465906496986997e-02
2.029964123758997915e-02
2.057462341030899533e-02
2.084960558302801498e-02
2.112458775574703462e-02
2.139956992846604733e-02
2.167455210118506698e-02
2.194953427390408662e-02
2.222451644662310280e-02
2.249949861934211898e-02
2.277448079206113862e-02
2.304946296478015827e-02
2.332444513749917445e-02
2.352164407698386847e-02
2.371884301637645215e-02
2.391604195576903930e-02
2.411324089516162297e-02
2.431043983455421012e-02
2.450763877394679380e-02
2.470483771333938094e-02
2.490203665273196462e-02
2.509923559212455177e-02
2.529643453151713545e-02
2.549363347090972606e-02
2.569083241030231321e-02
2.569002023547591745e-02
2.568920806041288113e-02
2.568839588534984827e-02
2.568758371028681889e-02
2.568677153522378603e-02
2.568595936016075318e-02
2.568514718509772032e-02
2.568433501003468400e-02
2.568352283497165114e-02
2.568271065990862176e-02
2.568189848484558890e-02
2.568108630978255605e-02
2.545695533829631096e-02
2.523282436654074312e-02
2.500869339478518222e-02
2.478456242302961784e-02
2.456043145127405000e-02
2.433630047951848563e-02
2.411216950776291779e-02
2.388803853600735688e-02
2.366390756425179251e-02
2.343977659249622467e-02
2.321564562074066029e-02
2.299151464898509245e-02
2.268221285686731689e-02
2.237291106464589507e-02
2.206360927242446979e-02
2.175430748020304797e-02
2.144500568798162615e-02
2.113570389576020087e-02
2.082640210353877905e-02
2.051710031131735723e-02
2.020779851909593194e-02
1.989849672687451013e-02
1.958919493465308831e-02
1.927989314243166302e-02
1.801120075152014971e-02
1.674250835943067936e-02
1.547381596734121074e-02
1.420512357525174213e-02
1.293643118316227178e-02
1.166773879107279970e-02
1.039904639898332935e-02
9.130354006893862465e-03
7.861661614804392115e-03
6.592969222714923500e-03
5.324276830625451415e-03
4.055584438535981065e-03
2.194129176193415718e-03
3.326739131165746123e-04
-1.528781349960265951e-03
-3.390236613037107653e-03
-5.251691876113948054e-03
-7.113147139190790190e-03
-8.974602402267630591e-03
-1.083605766534447012e-02
-1.269751292842131313e-02
-1.455896819149815440e-02
-1.642042345457499219e-02
-1.828187871765183520e-02
-1.893733887749329825e-02
-1.959279903582769600e-02
-2.024825919416209374e-02
-2.090371935249648802e-02
-2.155917951083088924e-02
-2.221463966916528698e-02
-2.287009982749968126e-02
-2.352555998583407554e-02
-2.418102014416847675e-02
-2.483648030250287103e-02
-2.549194046083727225e-02
-2.614740061917166652e-02
-2.608372326317997397e-02
-2.602004590628176003e-02
-2.595636854938354957e-02
-2.589269119248533910e-02
-2.582901383558712863e-02
-2.576533647868891816e-02
-2.570165912179071116e-02
-2.563798176489249722e-02
-2.557430440799428675e-02
-2.551062705109607628e-02
-2.544694969419786582e-02
-2.538327233729965188e-02
-2.505339953890614244e-02
-2.472352674017417457e-02
-2.439365394144220323e-02
-2.406378114271023536e-02
-2.373390834397826402e-02
-2.340403554524629268e-02
-2.307416274651432481e-02
-2.274428994778235347e-02
-2.241441714905037866e-02
-2.208454435031841079e-02
-2.175467155158643945e-02
-2.142479875285446811e-02
-2.149158291696402420e-02
-2.155836708158224632e-02
-2.162515124620046844e-02
-2.169193541081869056e-02
-2.175871957543690921e-02
-2.182550374005513133e-02
-2.189228790467335345e-02
-2.195907206929157210e-02
-2.202585623390979422e-02
-2.209264039852801634e-02
-2.215942456314623846e-02
-2.222620872776446058e-02
-2.251714830948130242e-02
-2.280808789148804430e-02
-2.309902747349478619e-02
-2.338996705550152808e-02
-2.368090663750827343e-02
-2.397184621951501532e-02
-2.426278580152175721e-02
-2.455372538352849909e-02
-2.484466496553524445e-02
-2.513560454754198634e-02
-2.542654412954872822e-02
-2.571748371155547011e-02
-2.544032107202316359e-02
-2.516315843174992892e-02
-2.488599579147669424e-02
-2.460883315120345957e-02
-2.433167051093022143e-02
-2.405450787065698676e-02
-2.377734523038375208e-02
-2.350018259011052088e-02
-2.322301994983728621e-02
-2.294585730956404807e-02
-2.266869466929081339e-02
-2.239153202901757872e-02
-2.184653237870932616e-02
-2.130153272804882758e-02
-2.075653307738833248e-02
-2.021153342672783390e-02
-1.966653377606734227e-02
-1.912153412540684716e-02
-1.857653447474635205e-02
-1.803153482408585695e-02
-1.748653517342535837e-02
-1.694153552276486674e-02
-1.639653587210436816e-02
-1.585153622144387306e-02
-1.535540177224630626e-02
-1.485926732311353832e-02
-1.436313287398077038e-02
-1.386699842484800070e-02
-1.337086397571523103e-02
-1.287472952658246308e-02
-1.237859507744969341e-02
-1.188246062831692547e-02
-1.138632617918415579e-02
-1.089019173005138785e-02
-1.039405728091861991e-02
-9.897922831785848502e-03
-9.672023920667556160e-03
-9.446125009910554676e-03
-9.220226099153553193e-03
-8.994327188396553444e-03
-8.768428277639551960e-03
-8.542529366882552211e-03
-8.316630456125550727e-03
-8.090731545368549243e-03
-7.864832634611549494e-03
-7.638933723854548878e-03
-7.413034813097548262e-03
-7.187135902340547645e-03
-7.191807182563937639e-03
-7.196478463098105079e-03
-7.201149743632273385e-03
-7.205821024166441692e-03
-7.210492304700609999e-03
-7.215163585234778305e-03
-7.219834865768947479e-03
-7.224506146303115786e-03
-7.229177426837284093e-03
-7.233848707371451532e-03
-7.238519987905619839e-03
-7.243191268439788146e-03
-7.780626531322325234e-03
-8.318061794928771971e-03
-8.855497058535220442e-03
-9.392932322141668913e-03
-9.930367585748115650e-03
-1.046780284935456412e-02
-1.100523811296101259e-02
-1.154267337656746106e-02
-1.208010864017390780e-02
-1.261754390378035801e-02
-1.315497916738680301e-02
-1.369241443099325148e-02
-1.365626805016056759e-02
-1.362012166854224826e-02
-1.358397528692393066e-02
-1.354782890530561133e-02
-1.351168252368729200e-02
-1.347553614206897440e-02
-1.343938976045065681e-02
-1.340324337883233748e-02
-1.336709699721401814e-02
-1.333095061559570055e-02
-1.329480423397738122e-02
-1.325865785235906362e-02
-1.291524911751088314e-02
-1.257184038223849339e-02
-1.222843164696610363e-02
-1.188502291169371214e-02
-1.154161417642132412e-02
-1.119820544114893263e-02
-1.085479670587654114e-02
-1.051138797060415311e-02
-1.016797923533176336e-02
-9.824570500059373601e-03
-9.481161764786982110e-03
-9.137753029514592354e-03
-8.837431412851827137e-03
-8.537109796249019167e-03
-8.236788179646211197e-03
-7.936466563043403227e-03
-7.636144946440595258e-03
-7.335823329837787288e-03
-7.035501713234979318e-03
-6.735180096632171348e-03
-6.434858480029362511e-03
-6.134536863426554541e-03
-5.834215246823746572e-03
-5.533893630220939469e-03
-5.278766251276471692e-03
-5.023638872395385507e-03
-4.768511493514300190e-03
-4.513384114633214005e-03
-4.258256735752128687e-03
-4.003129356871043369e-03
-3.748001977989958485e-03
-3.492874599108872734e-03
-3.237747220227787416e-03
-2.982619841346701665e-03
-2.727492462465616781e-03
-2.472365083584531029e-03
-2.165928525736457964e-03
-1.859491967815866736e-03
-1.553055409895275725e-03
-1.246618851974684713e-03
-9.401822940540935933e-04
-6.337457361335025819e-04
-3.273091782129111909e-04
-2.087262029232016256e-05
2.855639376282706151e-04
5.920004955488616808e-04
8.984370534694532343e-04
1.204873611390044246e-03
1.456550609127314592e-03
1.708227606786592639e-03
1.959904604445871119e-03
2.211581602105149383e-03
2.463258599764427213e-03
2.714935597423705910e-03
2.966612595082983739e-03
3.218289592742262003e-03
3.469966590401540266e-03
3.721643588060818096e-03
3.973320585720096360e-03
4.224997583379374623e-03
2.880464578942207223e-03
1.535931572214186119e-03
1.913985654861657731e-04
-1.153134441241855223e-03
-2.497667447969875460e-03
-3.842200454697895697e-03
-5.186733461425917235e-03
-6.531266468153939207e-03
-7.875799474881959444e-03
-9.220332481609978814e-03
-1.056486548833799992e-02
-1.190939849506602102e-02
-1.368756368819983547e-02
-1.546572888196072817e-02
-1.724389407572161914e-02
-1.902205926948251011e-02
-2.080022446324340107e-02
-2.257838965700428510e-02
-2.435655485076517954e-02
-2.613472004452607050e-02
-2.791288523828696147e-02
-2.969105043204785244e-02
-3.146921562580873993e-02
-3.324738081956963437e-02
-3.340577643973610678e-02
-3.356417205754255728e-02
-3.372256767534900779e-02
-3.388096329315545829e-02
-3.403935891096190880e-02
-3.419775452876835931e-02
-3.435615014657480981e-02
-3.451454576438126726e-02
-3.467294138218771776e-02
-3.483133699999416827e-02
-3.498973261780061877e-02
-3.514812823560706928e-02
-3.478943691372919644e-02
-3.443074559109227800e-02
-3.407205426845535956e-02
-3.371336294581844112e-02
-3.335467162318152962e-02
-3.299598030054461117e-02
-3.263728897790769273e-02
-3.227859765527077429e-02
-3.191990633263386279e-02
-3.156121500999694435e-02
-3.120252368736002591e-02
-3.084383236472310746e-02
-3.059104983701470618e-02
-3.033826730946292266e-02
-3.008548478191114262e-02
-2.983270225435935910e-02
-2.957991972680757559e-02
-2.932713719925579554e-02
-2.907435467170401203e-02
-2.882157214415223198e-02
-2.856878961660044500e-02
-2.831600708904866148e-02
-2.806322456149688144e-02
-2.781044203394509792e-02
-2.749362394102151941e-02
-2.717680584800254151e-02
-2.685998775498357055e-02
-2.654316966196459265e-02
-2.622635156894561476e-02
-2.590953347592663686e-02
-2.559271538290766590e-02
-2.527589728988868800e-02
-2.495907919686971010e-02
-2.464226110385073221e-02
-2.432544301083176125e-02
-2.400862491781278335e-02
-2.358769137521616807e-02
-2.316675783246331319e-02
-2.274582428971045830e-02
-2.232489074695759995e-02
-2.190395720420474507e-02
-2.148302366145189018e-02
-2.106209011869903530e-02
-2.064115657594617695e-02
-2.022022303319332207e-02
-1.979928949044046718e-02
-1.937835594768761230e-02
-1.895742240493475395e-02
-1.849776252426509407e-02
-1.803810264353689075e-02
-1.757844276280869089e-02
-1.711878288208049104e-02
-1.665912300135228771e-02
-1.619946312062408786e-02
-1.573980323989588800e-02
-1.528014335916768641e-02
-1.482048347843948656e-02
-1.436082359771128671e-02
-1.390116371698308512e-02
-1.344150383625488700e-02
-1.310717221831287152e-02
-1.277284060056167042e-02
-1.243850898281046932e-02
-1.210417736505926649e-02
-1.176984574730806539e-02
-1.143551412955686429e-02
-1.110118251180566146e-02
-1.076685089405446036e-02
-1.043251927630325926e-02
-1.009818765855205816e-02
-9.763856040800855327e-03
-9.429524423049655962e-03
-1.062480528234976268e-02
-1.182008614399539075e-02
-1.301536700564102055e-02
-1.421064786728664688e-02
-1.540592872893227668e-02
-1.660120959057790474e-02
-1.779649045222353107e-02
-1.899177131386916087e-02
-2.018705217551479067e-02
-2.138233303716042047e-02
-2.257761389880604680e-02
-2.377289476045167313e-02
-2.681335139593384043e-02
-2.985380803426555471e-02
-3.289426467259726899e-02
-3.593472131092897981e-02
-3.897517794926069756e-02
-4.201563458759240838e-02
-4.505609122592412613e-02
-4.809654786425583001e-02
-5.113700450258754776e-02
-5.417746114091926551e-02
-5.721791777925097633e-02
-6.025837441758268714e-02
-6.064246505782870666e-02
-6.102655569394344753e-02
-6.141064633005818146e-02
-6.179473696617292927e-02
-6.217882760228766320e-02
-6.256291823840239019e-02
-6.294700887451713800e-02
-6.333109951063187193e-02
-6.371519014674661974e-02
-6.409928078286135367e-02
-6.448337141897610147e-02
-6.486746205509083540e-02
-6.434769855264484140e-02
-6.382793504878327140e-02
-6.330817154492171528e-02
-6.278840804106014528e-02
-6.226864453719858916e-02
-6.174888103333702610e-02
-6.122911752947545611e-02
-6.070935402561389305e-02
-6.018959052175232999e-02
-5.966982701789076693e-02
-5.915006351402920387e-02
-5.863030001016764081e-02
-5.793691724124651332e-02
-5.724353447205156320e-02
-5.655015170285662002e-02
-5.585676893366168377e-02
-5.516338616446674059e-02
-5.447000339527179741e-02
-5.377662062607685423e-02
-5.308323785688191798e-02
-5.238985508768697480e-02
-5.169647231849202468e-02
-5.100308954929708843e-02
-5.030970678010214525e-02
-4.970339614850846632e-02
-4.909708551705305873e-02
-4.849077488559765114e-02
-4.788446425414224356e-02
-4.727815362268682903e-02
-4.667184299123142838e-02
-4.606553235977602079e-02
-4.545922172832061320e-02
-4.485291109686520561e-02
-4.424660046540979108e-02
-4.364028983395438349e-02
-4.303397920249897590e-02
-4.246894057532440286e-02
-4.190390194821582565e-02
-4.133886332110724843e-02
-4.077382469399866427e-02
-4.020878606689008011e-02
-3.964374743978150289e-02
-3.907870881267291874e-02
-3.851367018556434152e-02
-3.794863155845575736e-02
-3.738359293134718014e-02
-3.681855430423859599e-02
-3.625351567713001877e-02
-3.569294913273599046e-02
-3.513238258834916472e-02
-3.457181604396233898e-02
-3.401124949957551324e-02
-3.345068295518868057e-02
-3.289011641080185483e-02
-3.232954986641502909e-02
-3.176898332202820335e-02
-3.120841677764137762e-02
-3.064785023325455188e-02
-3.008728368886772267e-02
-2.952671714448089693e-02
-2.899018846793571455e-02
-2.845365979142948365e-02
-2.791713111492325969e-02
-2.738060243841703226e-02
-2.684407376191080830e-02
-2.630754508540458086e-02
-2.577101640889835690e-02
-2.523448773239213294e-02
-2.469795905588590551e-02
-2.416143037937967808e-02
-2.362490170287345412e-02
-2.308837302636723016e-02
-2.261680748286035506e-02
-2.214524193945948197e-02
-2.167367639605860194e-02
-2.120211085265772191e-02
-2.073054530925684882e-02
-2.025897976585596880e-02
-1.978741422245509571e-02
-1.931584867905421568e-02
-1.884428313565334259e-02
-1.837271759225246257e-02
-1.790115204885158948e-02
-1.742958650545070945e-02
-1.706923673049223072e-02
-1.670888695571642532e-02
-1.634853718094061992e-02
-1.598818740616481798e-02
-1.562783763138901605e-02
-1.526748785661321064e-02
-1.490713808183740698e-02
-1.454678830706160157e-02
-1.418643853228579790e-02
-1.382608875750999423e-02
-1.346573898273419057e-02
-1.310538920795838516e-02
-1.280851620160637291e-02
-1.251164319535931664e-02
-1.221477018911225690e-02
-1.191789718286520063e-02
-1.162102417661814262e-02
-1.132415117037108461e-02
-1.102727816412402834e-02
-1.073040515787697033e-02
-1.043353215162991406e-02
-1.013665914538285431e-02
-9.839786139135798040e-03
-9.542913132888741767e-03
-9.419112985306760111e-03
-9.295312838012837961e-03
-9.171512690718914076e-03
-9.047712543424990192e-03
-8.923912396131068042e-03
-8.800112248837144158e-03
-8.676312101543222008e-03
-8.552511954249298123e-03
-8.428711806955374239e-03
-8.304911659661452089e-03
-8.181111512367528205e-03
-8.057311365073606055e-03
-7.950522037844836437e-03
-7.843732710644564857e-03
-7.736943383444295011e-03
-7.630154056244023431e-03
-7.523364729043751850e-03
-7.416575401843481137e-03
-7.309786074643209557e-03
-7.202996747442937976e-03
-7.096207420242667263e-03
-6.989418093042395683e-03
-6.882628765842124102e-03
-6.775839438641853389e-03
-6.744057097729534017e-03
-6.712274756943690732e-03
-6.680492416157849181e-03
-6.648710075372006763e-03
-6.616927734586164345e-03
-6.585145393800321927e-03
-6.553363053014480376e-03
-6.521580712228638825e-03
-6.489798371442795540e-03
-6.458016030656953989e-03
-6.426233689871111571e-03
-6.394451349085269153e-03
-6.399133104351340494e-03
-6.403814859679295493e-03
-6.408496615007251360e-03
-6.413178370335207226e-03
-6.417860125663163093e-03
-6.422541880991118092e-03
-6.427223636319073091e-03
-6.431905391647028090e-03
-6.436587146974983957e-03
-6.441268902302939824e-03
-6.445950657630895690e-03
-6.450632412958849822e-03
-6.448318045964508000e-03
-6.446003678958216535e-03
-6.443689311951925937e-03
-6.441374944945633604e-03
-6.439060577939342139e-03
-6.436746210933050674e-03
-6.434431843926758342e-03
-6.432117476920467744e-03
-6.429803109914176279e-03
-6.427488742907884814e-03
-6.425174375901592481e-03
-6.422860008895301884e-03
-6.538362846509440489e-03
-6.653865684326100254e-03
-6.769368522142760886e-03
-6.884871359959421518e-03
-7.000374197776081282e-03
-7.115877035592741047e-03
-7.231379873409401679e-03
-7.346882711226061444e-03
-7.462385549042722076e-03
-7.577888386859382708e-03
-7.693391224676042472e-03
-7.808894062492703105e-03
-7.984367789133011567e-03
-8.159841515877060830e-03
-8.335315242621110093e-03
-8.510788969365159357e-03
-8.686262696109208620e-03
-8.861736422853257883e-03
-9.037210149597307146e-03
-9.212683876341356409e-03
-9.388157603085405672e-03
-9.563631329829454936e-03
-9.739105056573504199e-03
-9.914578783317553462e-03
-9.943038095999804857e-03
-9.971497408426135967e-03
-9.999956720852468811e-03
-1.002841603327879992e-02
-1.005687534570513277e-02
-1.008533465813146388e-02
-1.011379397055779672e-02
-1.014225328298412783e-02
-1.017071259541045894e-02
-1.019917190783679352e-02
-1.022763122026312463e-02
-1.025609053268945574e-02
-1.031312578162481113e-02
-1.037016103061022543e-02
-1.042719627959563626e-02
-1.048423152858105056e-02
-1.054126677756646140e-02
-1.059830202655187570e-02
-1.065533727553728653e-02
-1.071237252452270083e-02
-1.076940777350811167e-02
-1.082644302249352597e-02
-1.088347827147893680e-02
-1.094051352046435110e-02
-1.095762443202441538e-02
-1.097473534351410887e-02
-1.099184625500380409e-02
-1.100895716649349758e-02
-1.102606807798319280e-02
-1.104317898947288629e-02
-1.106028990096258151e-02
-1.107740081245227499e-02
-1.109451172394197022e-02
-1.111162263543166370e-02
-1.112873354692135892e-02
-1.114584445841105068e-02
-1.114313902588823582e-02
-1.114043359333027720e-02
-1.113772816077231685e-02
-1.113502272821435476e-02
-1.113231729565639441e-02
-1.112961186309843580e-02
-1.112690643054047544e-02
-1.112420099798251336e-02
-1.112149556542455300e-02
-1.111879013286659439e-02
-1.111608470030863403e-02
-1.111337926775067368e-02
-1.109460837347522877e-02
-1.107583747917111928e-02
-1.105706658486700807e-02
-1.103829569056289858e-02
-1.101952479625878563e-02
-1.100075390195467441e-02
-1.098198300765056493e-02
-1.096321211334645371e-02
-1.094444121904234075e-02
-1.092567032473823127e-02
-1.090689943043412005e-02
-1.088812853613001057e-02
-1.087185729924452886e-02
-1.085558606236353661e-02
-1.083931482548254263e-02
-1.082304358860155039e-02
-1.080677235172055640e-02
-1.079050111483956416e-02
-1.077422987795857191e-02
-1.075795864107757793e-02
-1.074168740419658569e-02
-1.072541616731559344e-02
-1.070914493043459946e-02
-1.069287369355360721e-02
-1.066739972883326559e-02
-1.064192576409629838e-02
-1.061645179935933464e-02
-1.059097783462236743e-02
-1.056550386988540195e-02
-1.054002990514843648e-02
-1.051455594041147100e-02
-1.048908197567450552e-02
-1.046360801093754005e-02
-1.043813404620057457e-02
-1.041266008146360909e-02
-1.038718611672664362e-02
-1.036171215198970243e-02
-1.033623818725276124e-02
-1.031076422251582005e-02
-1.028529025777887886e-02
-1.025981629304193767e-02
-1.023434232830499648e-02
-1.020886836356805528e-02
-1.018339439883111409e-02
-1.015792043409417117e-02
-1.013244646935723171e-02
-1.010697250462028879e-02
-1.008149853988334933e-02
-1.005602457514640641e-02
-1.003055061040946695e-02
-1.000507664567252403e-02
-9.979602680935584572e-03
-9.954128716198641647e-03
